33
35
37
39
41
43
45
47
49
51
767
763
765
837
1059
1145
1141
1143
1147
1149
1151
1203
1199
1201
1205
1207
1209
1211
1213
1215
1221
1223
1225
1227
1217
1219
1383
1457
1459
1961
1957
1959
1963
1965
1967
1969
1971
1973
1979
1981
1983
1985
1987
1989
1991
1993
1995
1997
1999
2001
2005
2003
2007
1975
1977
2031
2321
2317
2319
2323
2325
2327
2329
2331
2333
2339
2341
2343
2345
2335
2337
2679
2677
2681
2683
2685
2687
2689
2691
2693
2695
2697
2699
2701
2705
2703
2707
2729
2675
2755
2757
2759
2761
2763
2765
2767
2769
2771
2773
2775
2777
2779
2855
2857
2859
2861
2863
2865
2867
2869
2871
2873
2875
2877
2879
2881
2905
2907
2909
2911
2913
2915
2917
2919
2921
2923
2925
2927
2929
2931
2955
2957
2959
2961
2963
2965
2967
2969
2971
2973
2975
2977
2979
2981
3129
3131
3133
3135
3137
3139
3141
3143
3145
3147
3149
3151
3153
3155
3231
3233
3235
3237
3239
3241
3243
3245
3247
3249
3251
3253
3255
3005
3007
3009
3011
3013
3015
3017
3019
3021
3023
3025
3027
3029
3031
3453
3449
3451
3469
3471
3473
3475
3477
3479
3481
3483
3485
3487
3567
3779
3775
3777
3781
3783
3785
3787
3789
3791
3797
3799
3801
3793
3795
3861
3871
4963
4959
4961
5275
5271
5273
5277
5279
5281
5283
5285
5287
5293
5289
5291
5391
5387
5389
5393
5395
5397
5481
5477
5479
5483
5485
5641
5637
5639
5643
5645
5647
5649
5651
5653
5659
5661
5663
5655
5657
5941
5937
5939
5949
5951
5953
5955
5957
5979
5983
6027
6029
6031
6229
6225
6227
6407
6433
6539
6535
6537
6541
6543
6927
6923
6925
6929
6931
6933
6935
6937
6939
6941
6943
7171
7167
7169
7173
7175
7177
7179
7181
7183
7189
7191
7193
7195
7185
7187
7961
7957
7959
7963
7965
7967
7969
8023
8019
8021
8025
8027
8029
8031
8033
8035
8037
8039
8127
8353
8349
8351
8355
8357
8359
8361
8363
8437
8433
8435
8439
8441
8443
8445
8447
8449
8455
8457
8459
8461
8463
8465
8467
8469
8451
8453
8585
8581
8583
8587
8589
8591
8593
9047
9043
9045
9163
9201
9197
9199
9203
9205
9207
9209
9211
9213
9215
9217
9219
9221
9223
9369
9371
9373
9375
9377
9379
9381
9383
9385
9387
9389
9391
9393
9443
9445
9447
9449
9451
9453
9455
9457
9459
9461
9463
9465
9467
9469
9471
9473
9475
9477
9479
9481
9483
9485
9487
9489
9491
9543
9545
9547
9549
9551
9553
9555
9557
9559
9561
9563
9565
9567
9343
9345
9347
9349
9351
9353
9355
9357
9359
9361
9363
9365
9367
9593
9595
9597
9599
9601
9603
9605
9607
9609
9611
9613
9615
9617
9693
9695
9697
9699
9701
9703
9705
9707
9709
9711
9713
9715
9717
9719
10003
9999
10001
10357
11067
11069
11341
11343
11335
11337
11345
11347
11349
11351
11339
11391
11387
11389
11393
11395
11397
11399
11413
11415
11417
11419
11785
11781
11783
11787
11789
11791
11793
11795
11797
11803
11805
11807
11809
11811
11813
11799
11801
11993
11995
12099
12101
12119
12139
12135
12137
12141
12679
12675
12677
12681
12683
12685
12687
12689
12691
12983
13749
13745
13747
13751
13753
13755
13757
13759
13761
13767
13769
13763
13765
14179
14175
14177
14181
14183
14185
14259
14487
14567
14563
14565
14569
14675
14671
14673
14677
14679
14681
14683
14685
14687
14689
15883
15879
15881
15885
15887
15889
15891
15893
15895
15901
15903
15905
15897
15899
16333
16709
16705
16707
16711
16713
16715
16717
16719
16721
16727
16729
16731
16723
16725
17019
17015
17017
17021
17023
17025
17027
17029
17031
17037
17039
17041
17043
17033
17035
17441
17437
17439
17443
17445
17447
17449
17451
17453
17635
17631
17633
18341
18337
18339
18343
18345
18361
18617
18613
18615
18619
18621
18623
18625
18627
18629
18631
18999
18995
18997
19001
19003
19005
19041
19007
19009
19011
19051
19053
19055
19057
19059
19061
19063
19065
19067
19069
19071
19073
19075
19043
19031
19033
19035
19037
19039
19177
19181
19423
19731
19727
19729
19733
19735
20133
20135
20143
20145
20147
20783
20805
20779
20807
21577
21579
21581
21583
21585
21587
21589
21591
21593
21595
21597
21561
21563
21565
21567
21569
21571
21573
21575
21557
21559
21815
21817
21821
22139
22141
22321
22323
22325
22327
22329
22331
22333
22335
22337
22339
22341
22343
22345
22347
22349
22351
22353
22355
22357
22359
22361
22363
22365
22367
22369
22371
22421
22423
22425
22427
22429
22431
22433
22435
22437
22439
22441
22443
22445
22447
22449
22451
22453
22455
22457
22459
22461
22463
22465
22467
22469
22471
22473
22475
22477
22479
22481
22483
22485
22487
22489
22491
22493
22495
22497
22499
22501
22503
22505
22507
22509
22883
23213
23209
23211
23215
23217
23219
23221
23223
23225
23231
23233
23235
23237
23227
23229
23251
23253
23255
23257
23259
23261
23263
23265
23267
23269
23271
23273
23243
23245
23247
23249
23993
23989
23991
23995
23997
23999
24001
24003
24005
24011
24013
24007
24009
24063
24065
24067
24069
24071
24073
24075
24077
24079
24237
24233
24235
24239
24241
24505
24507
24511
24513
24515
24517
24519
24521
24509
24557
24559
24561
24563
24565
24671
24667
24669
24837
24893
25893
25889
25891
25895
25897
25899
25901
25903
25905
25911
25913
25915
25917
25907
25909
26257
26253
26255
26273
26275
26277
26279
26281
26283
26285
26287
26289
26291
26293
26295
26297
26259
26271
26261
26263
26265
26267
26269
26319
26353
26355
26357
26359
26361
26363
26365
26445
26691
26687
28297
28337
28333
28335
28339
28341
28343
28345
28347
28349
28351
28455
28663
28659
28661
28665
28667
28669
28671
28673
28675
28681
28683
28677
28679
28733
28729
28731
28807
28803
28805
28809
28811
28813
28815
28817
28819
28873
28995
28991
28993
28997
28999
29017
29019
29021
29023
29047
29049
29313
29309
29311
29315
29617
29613
29615
29619
29621
30537
30533
30535
30539
30541
30543
30545
30547
30549
30551
30569
30571
30573
30575
30695
30691
30693
30697
30699
30701
30703
30769
30815
30947
30957
30953
30955
30959
30961
30963
30965
30967
30969
30971
30973
31031
31027
31029
31033
31035
31037
31039
31041
31043
31049
31051
31045
31047
31425
31671
31667
31669
31673
31675
31677
31679
31681
31683
31689
31691
31693
31695
31685
31687
31711
31713
31715
31717
31719
31721
31723
31725
31727
31733
31735
31737
31739
31741
31729
31731
31745
31747
31749
31751
31753
31755
31757
31759
31761
31767
31769
31763
31765
31949
31945
31947
31951
31953
31955
31957
31959
31961
32045
32041
32043
32047
32319
32315
32317
32321
32323
32325
32327
32329
32331
32527
32523
32525
32529
32531
32533
32535
32537
32665
32661
32663
32667
32669
32699
32701
32703
33003
33065
33175
33171
33173
33177
33179
33181
33183
33185
33187
33189
33191
33195
33197
33199
33491
33487
33489
33493
33495
33497
33499
33501
33503
33509
33511
33505
33507
33555
33557
33559
33561
33563
33565
33567
33569
33571
33577
33579
33581
33573
33575
33781
33777
33779
33783
33785
33787
33789
33791
33793
33799
33801
33803
33795
33797
34031
34079
34075
34077
34177
34173
34175
34179
34181
34183
34185
34187
34189
34309
34313
34315
34317
34335
34337
34339
34341
34305
34307
34311
34481
34483
34515
34541
34537
34563
34565
34719
34715
34717
34721
34723
34725
34727
34729
34731
34737
34739
34741
34733
34735
35203
35215
35211
35213
35217
35273
35275
35315
35311
35313
35317
35319
35685
35687
35767
35763
35765
35769
35771
35773
35843
36127
36123
36125
36675
36671
36673
36677
36681
36683
36685
37043
37039
37041
37045
37047
37049
37051
37053
37055
37061
37063
37057
37059
37293
37313
38111
38107
38109
38113
38115
38117
38119
38121
38123
38129
38131
38133
38135
38125
38127
39615
39859
40119
40115
40117
40121
40601
41037
41033
41035
41039
41073
41069
41071
41075
41077
41079
41081
41083
41085
41087
41089
41145
41141
41143
41147
41483
41479
41481
41485
41487
41489
41491
41493
41495
41501
41497
41499
42007
42003
42005
42013
42015
42017
42009
42011
42553
42691
42957
42953
42955
42959
42961
42963
42965
42967
42969
42975
42977
42979
42981
42971
42973
43189
43185
43187
43191
43793
44349
44345
44347
45329
45463
45459
45461
45667
45663
45665
45669
45671
45673
45675
45677
45679
45685
45687
45689
45691
45693
45695
45681
45683
45767
45769
45997
45993
45995
45999
46001
46003
46005
46007
46009
46015
46017
46019
46021
46023
46025
46011
46013
46475
46471
46473
46477
46479
46481
46483
46485
46489
46491
46493
46501
46503
46497
46499
46509
46507
46495
47287
47283
47285
47289
47291
47293
47403
47405
48109
48105
48107
48837
48833
48835
48839
48841
48843
48849
48851
48847
48913
48915
48917
48919
48921
48923
48925
48927
48929
48931
48933
48935
48937
49015
49017
49019
49021
49023
49025
49027
49029
49031
49033
49035
49037
49039
48845
48987
48989
48991
48993
48995
48997
48999
49001
49003
49005
49007
49009
49011
49013
49089
49239
49235
49237
49241
49425
49421
49423
49427
49429
49431
49433
49435
49437
49443
49445
49447
49449
49439
49441
49743
49739
49741
49745
50183
50179
50181
50205
50207
50281
50277
50279
50283
51013
51009
51011
51015
51017
51019
51021
51023
51025
51031
51033
51035
51027
51029
51285
51327
51387
51605
51607
51609
51611
51571
51567
51569
51573
51575
51577
51579
51581
51583
51585
51587
51589
51591
51593
51595
51597
51599
51601
51603
52015
52163
52159
52161
52165
52167
52169
52171
52173
52175
52181
52183
52185
52187
52189
52177
52179
52317
52313
52315
52319
52321
52383
52387
52389
52391
52393
52395
52397
52399
52385
52381
52421
52423
52635
52697
52693
52695
52699
52701
52703
52705
52707
52709
52711
52713
52715
52717
52719
52721
52723
52957
52959
52961
52963
52965
52967
52969
52971
52973
52975
52977
52979
52931
52933
52935
52937
52939
52941
52943
52945
52947
52949
52951
52953
52955
53029
53031
53033
53035
53037
53039
53041
53043
53045
53047
53049
53051
53053
53079
53081
53083
53085
53087
53089
53091
53093
53095
53097
53099
53101
53103
52903
52905
52907
52909
52911
52913
52915
52917
52919
52921
52923
52925
52927
52929
53155
53157
53159
53161
53163
53165
53167
53169
53171
53173
53175
53177
53179
53203
53205
53207
53209
53211
53213
53215
53217
53219
53221
53223
53225
53227
53229
53307
53309
53311
53313
53315
53317
53319
53321
53323
53325
53327
53329
53279
53281
53283
53285
53287
53289
53291
53293
53295
53297
53299
53301
53303
53305
53647
53643
53645
53649
53651
53653
53655
53657
53659
53661
53663
53665
53667
53669
53671
53673
53675
53677
53875
53877
53879
53881
53883
53885
53887
53889
53891
53893
53895
53897
53899
53901
53903
53905
53907
53909
53911
53913
53915
53917
53919
53921
53923
53823
53825
53827
53829
53831
53833
53835
53837
53839
53841
53843
53845
53847
53849
53851
53853
53855
53857
53859
53861
53863
53865
53867
53869
53871
53873
53973
53975
53977
53979
53981
53983
53985
53987
53989
53991
53993
53995
53997
53999
54001
54003
54005
54007
54009
54011
54013
54015
54017
54019
54021
54073
54075
54077
54079
54081
54083
54085
54087
54089
54091
54093
54095
54097
54047
54049
54051
54053
54055
54057
54059
54061
54063
54065
54067
54069
54071
54147
54149
54151
54153
54155
54157
54159
54161
54163
54165
54167
54169
54171
54173
54175
54177
54179
54181
54183
54185
54187
54189
54191
54193
54195
54121
54123
54125
54127
54129
54131
54133
54135
54137
54139
54141
54143
54145
54221
54223
54225
54227
54229
54231
54233
54235
54237
54239
54241
54243
54245
54247
54249
54251
54253
54255
54257
54259
54261
54263
54265
54267
54269
54271
54297
54299
54301
54303
54305
54307
54309
54311
54313
54315
54317
54319
54321
54371
54373
54375
54377
54379
54381
54383
54385
54387
54389
54391
54393
54395
54397
54399
54401
54403
54735
54731
54733
54737
54739
54741
54743
54745
54747
54749
54943
54939
54941
54945
54947
54949
54951
54953
55451
55447
55449
55453
55455
55555
56043
56045
56047
56049
56051
56053
56055
56057
56059
56061
56063
56065
56041
56037
56039
56091
56087
56089
56093
56095
56117
56119
56193
56195
56197
56199
56201
56203
56205
56207
56283
56279
56281
56285
56287
56289
56291
56293
56295
56453
56729
56725
56727
56731
56821
56817
56819
56823
56825
56827
56909
56905
56907
56911
56913
56915
56917
56919
56921
56923
57627
57999
57995
57997
58001
58003
58005
58007
58009
58011
58017
58019
58021
58023
58025
58027
58013
58015
58053
58055
58255
58251
58253
58257
58259
58261
58263
58265
58267
58273
58275
58277
58279
58281
58283
58285
58287
58289
58291
58293
58295
58299
58269
58297
58301
58271
58437
58439
58861
58857
58859
58863
58865
58867
58869
58871
58873
58879
58881
58883
58885
58887
58889
58891
58893
58875
58877
59935
60233
60229
60231
60235
60239
60237
60241
60243
60285
60287
60289
60291
60293
60295
60297
60299
60301
60303
60305
60307
60309
60311
60313
60315
60317
60319
60321
60323
60325
60327
60329
60331
60267
60269
60333
60335
60337
60339
60341
60343
60345
60347
60349
60351
60353
60355
60357
60359
60785
60997
60999
61169
61165
61167
61299
61295
61297
61301
61303
62035
62031
62033
62037
62039
62041
63095
63465
63715
63957
63953
63955
63959
63961
63963
63965
64231
64227
64229
64397
64393
64395
64399
64401
64403
64405
64407
64443
64445
64447
64449
64451
64581
64577
64579
64583
64585
64587
64589
64591
64593
64599
64595
64597
64733
64729
64731
64735
64737
65059
65055
65057
65061
65063
65399
65395
65397
65401
65403
65405
65407
65409
65531
65527
65529
65533
65535
65537
65539
65565
65873
65869
65871
65875
65877
65879
65881
65883
65885
65887
65889
65891
65921
65897
65919
65893
65895
65999
66001
66003
66005
66007
66009
66011
66013
66015
66017
66019
66021
66023
66097
66099
66101
66103
66105
66107
66109
66111
66113
66115
66117
66119
66121
66123
66125
66127
66129
66131
66133
66135
66137
66139
66141
66143
66145
66195
66197
66199
66201
66203
66205
66207
66209
66211
66213
66215
66217
66219
66221
66223
66225
66227
66229
66231
66233
66235
66237
66239
66241
66243
66245
66371
66373
66375
66377
66379
66381
66549
66545
66547
66551
66553
66555
67325
67321
67323
67327
67329
67331
67333
67335
67337
67343
67345
67347
67349
67339
67341
67503
67515
67517
67519
67521
67523
67525
67527
67531
67533
67535
67537
67539
67541
67543
67545
67499
67501
67505
67507
67509
67511
67513
67529
67703
67705
67707
67709
67711
67713
67715
67717
67719
67721
67723
67725
67727
67627
67629
67631
67633
67635
67637
67639
67641
67643
67645
67647
67649
67651
67677
67679
67681
67683
67685
67687
67689
67691
67693
67695
67697
67699
67701
67751
67753
67755
67757
67759
67761
67763
67765
67767
67769
67771
67773
67775
67777
67779
67781
67783
67785
67787
67789
67791
67793
67795
67797
67799
67801
67825
67827
67829
67831
67833
67835
67837
67839
67841
67843
67845
67847
67849
67851
67925
67927
67929
67931
67933
67935
67937
67939
67941
67943
67945
67947
67977
67979
67981
67983
67985
67987
67989
67991
67993
67995
67997
67949
67951
67953
67955
67957
67959
67961
67963
67965
67967
67969
67971
67973
67975
67999
68001
68003
68005
68007
68009
68011
68013
68015
68017
68019
68021
68123
68125
68127
68129
68131
68133
68135
68137
68139
68141
68143
68145
68147
68023
68025
68027
68029
68031
68033
68035
68037
68039
68041
68043
68045
68047
68073
68075
68077
68079
68081
68083
68085
68087
68089
68091
68093
68095
68097
68197
68199
68201
68203
68205
68207
68209
68211
68213
68215
68217
68219
68221
68295
68297
68299
68301
68303
68305
68307
68309
68311
68313
68315
68317
68319
68321
68397
68399
68401
68403
68405
68407
68409
68411
68413
68415
68417
68419
68371
68373
68375
68377
68379
68381
68383
68385
68387
68389
68391
68393
68395
68567
68569
68571
68573
68575
68577
68579
68581
68583
68585
68587
68589
68591
68495
68497
68499
68501
68503
68505
68507
68509
68511
68513
68515
68517
68519
69011
69273
69377
69373
69375
69379
69381
69383
69613
69629
69763
69773
69831
69841
69843
69845
69847
69849
69827
69829
69833
69835
69837
69839
69917
69913
69915
69919
70207
70545
70541
70543
70547
70549
70551
70553
70555
70557
70563
70565
70567
70569
70571
70573
70575
70559
70561
70589
70591
70593
70595
70597
70599
70601
70603
70797
71099
71095
71107
71109
71111
71097
71101
71103
71105
71169
71165
71171
71167
71469
