827
823
825
829
831
833
835
995
991
993
997
999
1001
1003
1005
1071
1067
1069
1073
1075
1077
1079
1081
1083
1089
1091
1093
1095
1097
1099
1101
1103
1105
1107
1109
1111
1115
1085
1113
1117
1087
1547
1959
1955
1957
1961
1963
1965
1967
1969
1971
1977
1979
1981
1983
1985
1973
1975
1997
1999
2001
2003
2441
2437
2439
2443
2445
2447
2449
2487
2809
2805
2807
2811
2813
2815
2817
2819
3399
3559
3733
3729
3731
3735
3737
3739
4211
4209
4213
4215
4217
4219
4207
4809
4805
4807
4811
4813
4815
4817
4819
4997
4993
4995
4999
5001
5289
5359
5361
5537
5539
5541
5543
5545
5547
5549
5551
5553
5555
5557
5607
5603
5605
5609
5611
5613
5615
5701
5813
6533
6529
6531
6535
6537
6539
6541
6543
6545
6553
6579
6633
6635
6637
6639
6641
6643
6645
6647
6649
6651
6653
6655
6657
6659
6581
6547
6549
6551
6555
6585
6587
6589
6591
6593
6595
6597
6599
6601
6603
6605
6607
6609
6735
6737
6739
6741
6743
6745
6747
6749
6751
6753
6755
6757
6759
6809
6811
6813
6815
6817
6819
6821
6823
6825
6827
6829
6831
6833
6835
6859
6861
6863
6865
6867
6869
6871
6873
6875
6877
6879
6881
6883
6885
6887
6889
6891
6893
6895
6897
6899
6901
6903
6905
6907
7035
7037
7039
7041
6909
6911
6913
6915
6917
6919
6921
6923
6925
6927
6929
6931
6933
6935
6937
6939
6941
6943
6945
6947
6949
6951
6953
6955
6957
6959
7151
7147
7149
7153
7155
7157
7159
7161
7163
7169
7171
7173
7175
7177
7179
7181
7165
7167
7209
7211
7343
7519
7515
7517
7521
7523
7525
7527
7529
7531
7537
7539
7541
7535
7533
7593
7639
7635
7637
7641
7643
7645
7647
7649
7651
7657
7659
7655
7653
8115
8709
8705
8707
8711
8713
8723
8721
8715
8717
8719
8761
8757
8759
8763
8765
8767
8769
8771
8773
8779
8781
8777
8775
8787
8917
8919
8921
8923
8925
8927
8929
8931
8933
8935
8937
8939
8941
8943
8945
8947
8949
8951
8953
8955
8957
8959
8961
8963
8965
8967
8969
8971
8973
8975
8977
8979
8981
8983
8985
8987
8989
8991
8993
8995
8997
8999
9001
9003
9005
9007
9009
9011
9013
9015
9041
9043
9045
9047
9049
9051
9053
9055
9057
9059
9061
9063
9065
9115
9117
9119
9121
9123
9125
9127
9129
9131
9133
9135
9137
9139
9215
9217
9219
9221
9223
9225
9227
9229
9231
9233
9235
9237
9189
9191
9193
9195
9197
9199
9201
9203
9205
9207
9209
9211
9213
9289
9291
9293
9295
9297
9299
9301
9303
9305
9307
9309
9311
9313
9387
9389
9391
9393
9395
9397
9399
9401
9403
9405
9407
9409
9411
9413
9089
9091
9093
9095
9097
9099
9101
9103
9105
9107
9109
9111
9113
9437
9439
9441
9443
9445
9447
9449
9451
9453
9455
9457
9459
9461
9463
9465
9467
9469
9471
9473
9475
9477
9479
9481
9483
9485
9487
9633
9641
9637
9639
9939
9935
9937
9941
9943
9945
9947
9949
9951
9957
9959
9961
9963
9965
9967
9969
9971
9973
9975
9977
9953
9955
10677
10703
11705
11701
11703
11707
11709
11711
11899
11895
11897
12135
12197
12345
12407
12403
12415
12417
12419
12421
12423
12405
12411
12413
12409
12569
12571
12573
12575
12577
12579
12581
12583
12591
12593
12595
12597
12599
12587
12589
12585
12929
12925
12927
12931
12933
12935
12937
12939
12941
12947
12949
12943
12945
12965
13273
13345
13347
13367
13393
13395
13369
13441
13485
13673
13669
13671
13675
13677
13679
13681
13683
13685
14029
14025
14027
14031
14379
14375
14377
14381
14383
14489
14485
14487
14503
14491
14493
14495
14497
14499
14501
14561
14619
14625
14623
14617
14639
14715
14711
14713
14717
14719
14721
14723
14725
14727
14733
14729
14731
15231
15337
15333
15335
15339
15341
15939
16073
16525
16839
16841
17213
17209
17211
17215
17217
17219
17221
17223
17225
17231
17233
17235
17237
17239
17241
17243
17245
17227
17229
17437
17439
17657
17875
17871
17873
17877
17879
17881
17883
17885
17887
17889
17973
18913
18935
18937
18939
18941
18943
18945
18947
18949
18951
18953
18909
18955
18961
19079
19081
19249
19245
19247
19251
19253
19255
19257
19259
19261
19267
19263
19265
19529
19525
19527
19533
19535
19537
19823
20057
20053
20055
20059
20061
20063
20065
20067
20069
20075
20077
20079
20071
20073
20353
20349
20351
20355
20357
20359
20361
20363
20365
20371
20373
20367
20369
20521
20517
20519
20523
20525
20527
20529
20531
20979
20975
20977
20981
20983
21131
21127
21129
21133
21135
21137
21139
21819
21873
21869
21871
21875
21877
21879
21881
21883
21885
21891
21893
21895
21897
21899
21901
21903
21905
21907
21909
21911
21913
21887
21889
21929
21931
21933
21935
22371
22367
22369
22373
22475
22471
22473
22477
22479
22481
22483
22485
22487
22493
22495
22489
22491
22645
22713
22941
23029
23025
23027
23031
23033
23035
23037
23039
23041
23043
23111
23107
23109
23113
23115
23117
24317
24335
24337
24915
24917
24925
24927
24929
25363
25359
25361
25365
25367
25369
25371
25373
25375
25377
25411
25413
25415
25417
25419
25421
25423
25425
25427
25433
25435
25437
25439
25441
25443
25429
25431
25495
25497
25631
25627
25629
25633
26173
26169
26171
26175
26177
26179
26181
26183
26185
26191
26193
26195
26197
26199
26201
26187
26189
26557
26559
26907
26975
26971
26973
26977
26979
26981
28377
28379
28787
28783
28785
28789
28791
28793
28795
28797
28799
28801
28803
29073
30317
30313
30315
30319
30321
30323
30325
30327
30329
30331
30433
30435
30441
30443
30445
30447
30449
30451
30453
30455
30457
30611
30613
30767
30763
30765
30769
30771
30773
30775
31457
31453
31455
31459
31461
31463
31465
31467
31469
31475
31477
31479
31471
31473
32269
32265
32267
32271
32273
32275
32277
32279
32281
32287
32289
32283
32285
32411
32407
32409
32413
32415
32417
32419
32421
32423
32429
32431
32433
32435
32425
32427
33505
33501
33503
33527
33529
33663
34349
34345
34347
34351
34353
34355
34359
34361
34363
34367
34369
34371
34373
34375
34377
34379
34381
34383
34385
34365
34357
35047
35043
35045
35993
35989
35991
35995
35997
36147
36149
36485
36499
36495
36497
36501
36503
36505
36507
36509
36511
36517
36519
36521
36513
36515
36547
36549
36551
36559
36561
36563
36565
36567
36569
36553
36555
36557
36635
36637
36639
36641
36643
36645
36647
36649
36651
36653
36655
36657
36659
36809
36811
36813
36815
36817
36819
36821
36823
36825
36827
36829
36831
36733
36735
36737
36739
36741
36743
36745
36747
36749
36751
36753
36755
36757
36759
36833
36835
36837
36839
36841
36843
36845
36847
36849
36851
36853
36855
36857
36859
36985
36987
36989
36991
36993
36995
36997
36975
36977
36979
36981
36983
37507
37503
37505
37509
37511
37513
37515
37517
37519
37521
37523
38037
38269
38265
38267
38271
38273
38275
38277
38279
38309
38311
39775
40047
40043
40045
40049
40051
40053
40055
40175
40171
40173
40177
40183
40185
40201
40205
40179
40181
40191
40193
40195
40197
40203
40277
40279
40281
40283
40285
40287
40289
40291
40293
40295
40297
40299
40301
40199
40337
40439
40725
40721
40723
40727
40729
40731
41331
41327
41329
41333
41335
41337
41339
41341
41343
41349
41351
41353
41355
41357
41359
41361
41345
41347
41485
41481
41483
41487
41493
41495
41497
41489
41491
41633
41629
41631
41673
41635
41637
41639
41641
41643
41645
41647
41649
41671
41759
41761
41763
41765
41767
41769
41771
41773
41775
41777
41779
41781
41783
41785
41787
41789
41791
41793
41795
41797
41799
41801
41803
41805
41807
41809
41811
41813
41815
41817
41819
41821
41823
41825
41827
41829
41831
41833
41835
41837
41839
41841
41843
41845
41847
41849
41851
41853
41855
41857
41859
42465
42461
42463
42467
42469
42471
42485
42487
42489
42491
42493
42495
42497
42499
42501
42507
42509
42511
42513
42515
42517
42503
42505
42595
42591
42593
42597
42599
42601
42603
42605
42607
42613
42615
42617
42619
42621
42623
42625
42609
42611
42635
42637
42867
42863
42865
42869
42871
42873
42875
42877
42879
42885
42887
42889
42891
42893
42895
42897
42899
42901
42903
42881
42883
43201
43197
43199
43203
43205
43207
43209
43211
43213
43219
43221
43223
43215
43217
43259
43261
43263
43265
43267
43269
43271
43257
43613
43651
43647
43649
43653
43655
43657
43659
43661
43663
43669
43665
43667
44111
44183
44179
44181
44185
44187
44189
44191
44193
44195
44201
44203
44205
44207
44209
44211
44213
44215
44217
44219
44221
44223
44227
44225
44197
44199
44263
44543
44539
44541
44545
44547
44549
44551
44553
44555
44557
44559
44877
44873
45115
45109
45105
45117
45107
45111
45131
45133
45135
45137
45139
45141
45143
45145
45147
45149
45151
45153
45155
45205
45207
45209
45211
45213
45215
45217
45219
45221
45223
45225
45227
45229
45231
45283
45285
45287
45289
45291
45293
45295
45297
45299
45301
45303
45305
45307
45309
45311
45313
45315
45317
45319
45321
45323
45325
45327
45329
45331
45255
45257
45259
45261
45263
45265
45267
45269
45271
45273
45275
45277
45279
45281
45357
45359
45361
45363
45365
45367
45369
45371
45373
45375
45377
45379
45381
45383
45385
45387
45389
45391
45393
45395
45397
45399
45401
45403
45405
45407
45409
45411
45413
45415
45417
45419
45421
45423
45425
45427
45429
45431
45457
45459
45461
45463
45465
45467
45469
45471
45473
45475
45477
45479
45481
45483
45485
45487
45489
45491
45493
45495
45497
45499
45501
45503
45505
45507
45509
45511
45513
45515
45517
45519
45521
45523
45525
45527
45529
45531
45555
45557
45559
45561
45563
45565
45567
45569
45571
45573
45575
45577
45579
45581
45583
45585
45587
45589
45591
45593
45595
45597
45599
45601
45603
45605
45607
45609
45611
45613
45615
45617
45619
45621
45623
45625
45627
45629
45631
45757
45759
45761
45763
45765
45767
45769
45771
45773
45775
45777
45779
45781
45783
45785
45787
45789
45791
45793
45795
45797
45799
45801
45803
45805
45807
45809
45811
45813
45815
45817
45819
45821
45823
45825
45827
45829
45831
45833
45835
45837
45839
45841
45843
45845
45847
45849
45851
45853
45855
45857
45859
45861
45863
45865
45867
45869
45871
45873
45875
45877
45879
45881
45883
45885
45887
45889
45891
45893
45895
45897
45899
45901
45903
45905
45907
47183
47185
47187
47189
47191
47193
47195
47197
47199
47201
47203
47205
47207
47235
47237
47239
47241
47243
47245
47247
47249
47251
47253
47255
47257
47259
47261
47263
47265
47267
47269
47271
47273
47275
47277
47279
47281
47283
47311
47313
47315
47317
47319
47321
47323
47325
47327
47329
47331
47333
47335
47209
47211
47213
47215
47217
47219
47221
47223
47225
47227
47229
47231
47233
46933
46935
46937
46939
46941
46943
46945
46947
46949
46951
46953
46955
46957
46959
46961
46963
46965
46967
46969
46971
46973
46975
46977
46979
46981
46983
47433
47435
47437
47439
47441
47443
47445
47447
47449
47451
47453
47455
47457
47459
47461
47463
47465
47467
47469
47471
47473
47475
47477
47479
47481
47483
47485
47487
47489
47491
47493
47495
47497
47499
47501
47503
47505
47507
47383
47385
47387
47389
47391
47393
47395
47397
47399
47401
47403
47405
47407
47533
47535
47537
47539
47541
47543
47545
47547
47549
47551
47553
47555
47557
47285
47287
47289
47291
47293
47295
47297
47299
47301
47303
47305
47307
47309
47891
47887
47889
47893
47895
47897
47899
47901
47903
47905
47907
47921
47917
47919
48457
48543
48539
48541
48789
48809
48805
48807
48811
48813
48815
48817
48819
48821
48827
48829
48831
48833
48835
48865
48867
48869
48871
48873
48875
48877
48879
48881
48883
48885
48887
48889
48823
48891
48893
48895
48897
48899
48901
48903
48905
48907
48909
48911
48913
48825
48915
48917
48919
48921
48923
48925
48927
48929
48931
48933
48935
48937
48939
48941
48991
48993
48995
48997
48999
49001
49003
49005
49007
49009
49011
49013
49043
49045
49047
49049
49051
49053
49055
49057
49059
49061
49063
49065
49091
49093
49095
49097
49099
49101
49103
49105
49107
49109
49111
49113
49115
49117
49119
49121
49123
49125
49127
49129
49131
49133
49135
49137
49139
49141
49193
49195
49197
49199
49201
49203
49205
49207
49209
49211
49213
49215
49217
49165
49167
49169
49171
49173
49175
49177
49179
49181
49183
49185
49187
49189
49191
49291
49293
49295
49297
49299
49301
49303
49305
49307
49309
49311
49313
49315
49317
49319
49321
49323
49325
49327
49329
49331
49333
49335
49337
49339
49341
49015
49017
49019
49021
49023
49025
49027
49029
49031
49033
49035
49037
49039
49041
49365
49367
49369
49371
49373
49375
49377
49379
49381
49383
49385
49387
49389
49391
49415
49417
49419
49421
49423
49425
49427
49429
49431
49435
49437
49439
49441
49433
49495
49497
49499
49501
49503
49505
49507
49509
49511
49519
49521
49523
49525
49527
49529
49513
49515
49517
49539
49541
49729
49725
49727
49731
49733
49735
49737
49739
49741
49747
49749
49751
49753
49755
49743
49745
50231
50227
50229
50233
50235
50277
50397
50393
50419
50421
50567
50563
50565
50569
50571
50835
50831
50833
50837
50839
51155
51151
51153
51157
51159
51161
51163
51165
51167
51169
51375
51371
51373
51377
51379
51381
51427
51423
51425
51499
51801
51803
51911
51913
52137
52133
52135
52139
52141
52143
52145
52147
52149
52155
52151
52153
52349
52779
52775
52777
52781
52783
52785
52977
52973
52975
52983
52985
52987
52989
52979
52981
53055
53057
53059
53061
53063
53065
53067
53069
53071
53073
53075
53077
53079
53537
53533
53535
53539
53541
53543
53545
54051
54047
54049
54053
54055
54057
54059
54217
54213
54215
54219
54221
54223
54227
54229
54231
54233
54235
54237
54239
54241
54243
54245
54249
54247
54355
54431
54427
54429
54453
54455
54475
54477
54771
54781
54777
54779
54783
54785
54787
54789
54791
54793
55053
55049
55051
55055
55057
55059
55061
55063
55065
55071
55073
55075
55077
55079
55081
55083
55067
55069
55121
55117
55119
55123
55125
55127
55129
55131
55721
56147
56303
56299
56301
56305
56307
56403
56405
56891
56887
56889
56893
56895
56897
56899
56901
56903
56909
56911
56913
56915
56917
56919
56905
56907
57119
57137
57139
57957
58605
58601
58603
58607
58609
58611
58919
58915
58917
58921
58923
58925
58927
58929
58931
58937
58939
58933
58935
59019
59015
59017
59021
59023
59025
59027
59029
59031
60075
60071
60073
60077
60079
60081
60083
60085
60087
60093
60095
60097
60099
60101
60103
60105
60089
60091
60717
60977
61081
61077
61079
61083
61085
61087
61089
61091
61093
61099
61101
61103
61105
61107
61109
61111
61113
61115
61117
61119
61121
61097
61123
61095
61319
61315
61317
61321
61323
61325
61327
61329
61331
61333
61751
62357
62359
62391
62387
62389
62393
62395
62397
62399
62401
62403
62409
62411
62405
62407
63017
63013
63015
63171
63265
63261
63263
64401
64397
64399
64403
64405
64407
64409
64411
64429
64413
64415
64417
64421
64423
64425
64427
64431
64503
64505
64507
64509
64511
64513
64515
64517
64519
64521
64523
64525
64527
64653
64655
64657
64659
64661
64663
64665
64667
64669
64671
64673
64675
64677
65293
65691
65733
65887
66015
66017
66387
66383
66385
66389
66391
66393
66395
66397
66399
66405
66407
66409
66401
66403
66493
66495
66499
66501
66503
66505
66507
66509
66511
66513
66515
66859
66855
66857
66861
66863
66981
67387
67383
67385
67389
67391
67645
67641
67643
67647
67649
67651
67653
67743
67739
67741
67773
67769
67771
67775
67777
67779
67781
67783
67785
67787
67789
67791
67793
67795
67937
67939
67941
67943
67945
67947
67949
67951
67953
67955
67957
67959
67961
67963
67965
67967
67969
67971
67973
67975
67977
67979
67981
67983
67985
68061
68063
68065
68067
68069
68071
68073
68075
68077
68079
68081
68083
68085
67987
67989
67991
67993
67995
67997
67999
68001
68003
68005
68007
68009
68011
68211
68213
68215
68217
68219
68221
68223
68225
68227
68229
68231
68233
68187
68189
68191
68193
68195
68197
68199
68201
68203
68205
68207
68209
68159
68161
68163
68165
68167
68169
68171
68173
68175
68177
68179
68181
68183
68185
68259
68261
68263
68265
68267
68269
68271
68273
68275
68277
68279
68281
68283
68333
68335
68337
68485
68481
68483
68487
68489
68491
68493
68495
68497
68499
68503
68505
68511
68513
68515
68517
68519
68521
68523
68525
68527
68529
68507
68509
68595
68597
68599
68601
68603
68605
68607
68609
68611
68613
68615
68617
68619
68621
68623
68625
68627
68629
68631
68633
68635
68637
68639
68641
68643
68669
68671
68673
68675
68677
68679
68681
68683
68685
68687
68689
68691
68693
68719
68721
68723
68725
68727
68729
68731
68733
68735
68737
68739
68741
68743
68819
68821
68823
68825
68827
68829
68831
68833
68835
68837
68839
68841
68843
68767
68769
68771
68773
68775
68777
68779
68781
68783
68785
68787
68789
68791
68793
68795
68797
68799
68801
68803
68805
68807
68809
68811
68813
68815
68817
68891
68893
68895
68897
68899
68901
68903
68905
68907
68909
68911
68913
68915
68917
68919
68921
68923
68925
68927
68929
68931
68933
68935
68937
68939
68941
68991
68993
68995
68997
68999
69001
69003
69005
69007
69009
69011
69013
69015
69115
69117
69119
69121
69123
69125
69127
69129
69131
69133
69135
69137
69139
69041
69043
69045
69047
69049
69051
69053
69055
69057
69059
69061
69063
69065
69447
69443
69445
69935
69931
69933
69937
69939
69947
69949
69951
69953
69955
69957
69959
69961
69963
69965
69967
69969
69971
69941
69943
69945
70343
70339
70341
70879
70875
70877
70881
71069
71115
71233
71229
71231
71293
71289
71291
71295
71297
71299
71301
71303
71481
71707
