59
61
75
69
71
141
237
241
617
625
611
623
627
629
2327
2337
2333
2345
2341
2349
2331
2343
2353
2355
3401
3559
3561
3563
3565
3567
3569
3571
3573
3575
3577
3579
3581
3609
3611
3613
3615
3617
3619
3621
3623
3625
3627
3629
3631
3633
3399
3533
3535
3537
3539
3541
3543
3545
3547
3549
3551
3553
3555
3557
3583
3585
3587
3589
3591
3593
3595
3597
3599
3601
3603
3605
3607
3783
3785
3787
3789
3791
3793
3795
3797
3799
3801
3803
3805
3807
3809
3811
3813
3815
3817
3819
3821
3823
3825
3827
3829
3831
3833
3835
3837
3839
3841
3843
3845
3847
3849
3851
3853
3855
3857
3859
3861
3863
3865
3867
3869
3871
3873
3875
3877
3879
3881
3883
3885
3887
3889
3891
3893
3895
3897
3899
3901
3903
3905
3907
3909
3911
3913
3915
3917
3919
3921
3923
3925
3927
3929
3931
3933
3935
4059
4061
4063
4065
4067
4069
4071
4073
4075
4077
4079
4081
4083
4633
4635
4637
4639
4641
4643
4645
4647
4649
4651
4653
4655
4657
4659
4661
4663
4665
4667
4669
4671
4673
4675
4677
4679
4681
4683
4685
4687
4689
4691
4693
4695
4697
4699
4701
4703
4705
4707
4709
4711
4713
4715
4717
4719
4721
4723
4725
4727
4729
4731
4733
4735
4737
4739
4741
4743
4745
4747
4749
4751
4753
4755
4757
4759
4761
4763
4765
4767
4769
4771
4773
4775
4777
4779
4781
4585
4587
4589
4591
4593
4595
4597
4599
4601
4603
4605
4607
4609
4783
4785
4787
4789
4791
4793
4795
4797
4799
4801
4803
4805
4807
4809
5035
5037
5039
5041
5043
5045
5047
5049
5051
5053
5055
5057
5059
5085
5087
5089
5091
5093
5095
5097
5099
5101
5103
5105
5107
5109
5111
5113
5115
5117
5119
5121
5123
5125
5127
5129
5131
5133
5135
5137
5139
5141
5143
5145
5147
5149
5151
5153
5155
5157
5159
5183
5185
5187
5189
5191
5193
5195
5197
5199
5201
5203
5205
5207
5609
5611
5613
5615
5617
5619
5621
5623
5625
5627
5629
5631
5633
5635
5637
5639
5641
5643
5645
5647
5649
5651
5653
5655
5657
5659
5661
5663
5665
5667
5669
5671
5673
5675
5677
5679
5681
5683
5685
5687
5689
5691
5693
5695
5697
5699
5701
5703
5705
5707
5709
5711
5713
5715
5717
5719
5721
5723
5725
5727
5729
5731
5733
5735
5737
5739
5741
5743
5745
5747
5749
5751
5753
5755
5781
5783
5785
5787
5789
5791
5793
5795
5797
5799
5801
5803
5805
5807
6031
6033
6035
6037
6039
6041
6043
6045
6047
6049
6051
6053
6055
6057
6455
6457
6459
6461
6463
6465
6467
6469
6471
6473
6475
6477
6479
6481
6505
6507
6509
6511
6513
6515
6517
6519
6521
6523
6525
6527
6529
6531
6405
6407
6409
6411
6413
6415
6417
6419
6421
6423
6425
6427
6429
6431
6805
6807
6809
6811
6813
6815
6817
6819
6821
6823
6825
6827
6829
6755
6757
6759
6761
6763
6765
6767
6769
6771
6773
6775
6777
6779
6781
6931
6933
6935
6937
6939
6941
6943
6945
6947
6949
6951
6953
6955
7231
7233
7235
7237
7239
7241
7243
7245
7247
7249
7251
7253
7255
7257
7259
7261
7263
7265
7267
7269
7271
7273
7275
7277
7279
7281
7379
7381
7383
7385
7387
7389
7391
7393
7395
7397
7399
7401
7403
7405
7681
7683
7685
7687
7689
7691
7693
7695
7697
7699
7701
7703
7705
7707
7709
7711
7713
7715
7717
7719
7721
7723
7725
7727
7729
7731
8229
8231
8233
8235
8237
8239
8241
8243
8245
8247
8249
8251
8253
8255
8257
8259
8261
8263
8265
8267
8269
8271
8273
8275
8277
8279
8303
8305
8307
8309
8311
8313
8315
8317
8319
8321
8323
8325
8327
8329
8331
8333
8335
8337
8339
8341
8343
8345
8347
8349
8351
8353
8377
8379
8381
8383
8385
8387
8389
8391
8393
8395
8397
8399
8401
8403
8427
8429
8431
8433
8435
8437
8439
8441
8443
8445
8447
8449
8451
8453
8627
8629
8631
8633
8635
8637
8639
8641
8643
8645
8647
8649
8651
8653
8655
8657
8659
8661
8663
8665
8667
8669
8671
8673
8675
8677
8703
8705
8707
8709
8711
8713
8715
8717
8719
8721
8723
8725
8727
8729
8731
8733
8735
8737
8739
8741
8743
8745
8747
8749
8751
8777
8779
8781
8783
8785
8787
8789
8791
8793
8795
8797
8799
8801
8803
8805
8807
8809
8811
8813
8815
8817
8819
8821
8823
8825
8827
8829
8831
8833
8835
8837
8839
8841
8843
8845
8847
8849
8851
8951
8953
8955
8957
8959
8961
8963
8965
8967
8969
8971
8973
8975
9643
9639
9641
9645
9647
10497
10499
10507
10501
10503
10603
10599
10601
10605
10607
10609
10611
11365
11373
11395
11371
11375
11377
11379
11381
11383
11385
11387
11389
11391
11393
11397
11361
11363
11367
11369
12157
12163
12165
12167
12169
12171
12173
12175
12177
12179
12181
12183
12185
12187
12349
12363
12337
12345
12347
12351
12353
12355
12357
12359
12361
12365
12329
12331
12333
12335
12339
12341
12343
13887
13891
13893
13897
13899
13889
13885
13895
14145
14515
14523
14525
14527
14529
14531
14533
14535
14507
14503
14505
14509
14511
14513
14517
14519
14521
15247
15253
15269
15271
15273
15275
15277
15265
15261
15263
15267
15297
15303
15307
15301
15305
15299
15613
15615
15619
15621
15623
15611
15607
15609
15617
16079
16075
16077
16093
16195
16197
16199
16201
16203
16205
16207
16209
16211
16213
16215
16217
16219
17029
17037
17039
17041
17031
17027
17033
17035
17107
18201
18213
18217
18225
18227
18223
18229
18231
18233
19119
19125
19127
19157
19131
20941
20937
20945
20939
20943
21005
21007
21009
21019
21021
21023
21025
21027
21029
21031
21033
21035
21037
21039
21041
21043
21045
21047
21049
21051
21053
21055
21057
21059
21061
21063
21065
21067
21069
21015
21735
22077
22085
22081
22073
22067
22083
22071
22069
22075
22079
22087
22703
22705
22709
22707
23169
23171
23181
23193
23175
23177
23179
23183
23185
23187
23195
23189
23167
23173
24203
24201
24193
24199
24197
24205
24211
24207
24195
24213
24191
24215
24509
25905
25901
25903
25907
25909
25911
25915
25917
25919
25921
25927
26543
26539
27303
27305
27313
27307
27309
27311
27319
27315
28277
28273
28275
28279
28281
28283
28285
28287
28289
28291
28293
28523
30127
30593
31225
31239
31243
31237
31241
31247
31249
31255
31235
31379
32333
32339
32813
32815
32817
32819
32821
32811
32807
32809
33731
33737
33735
34541
35169
35163
35167
35597
35599
35601
35603
35605
35607
35609
35611
35613
35615
35617
35619
36057
36061
36053
36059
36067
36069
36071
36073
36075
36077
37299
37311
37313
37307
37309
37315
37317
37305
37297
37301
37295
39187
39185
39189
39183
39473
39475
39471
39479
39483
39485
39491
39495
39497
39501
41465
41467
41477
41479
41483
41473
41475
41485
41487
41635
41631
41633
41637
42793
42791
42927
42923
42925
42977
42983
42989
42993
42997
42999
43001
43003
43005
43007
43009
43011
43013
43015
43017
43019
42995
43097
43099
43101
43103
43105
43107
43109
43111
43113
43115
43117
43119
43121
43123
43021
43023
43025
43027
43029
43031
43033
43035
43037
43039
43041
43043
43045
43047
44749
44745
44753
44747
44751
45127
45123
45125
45129
45131
46951
46943
46947
46949
46957
46959
46955
47861
47867
47865
47863
47989
49939
49943
50825
50845
50843
50847
50849
50851
50853
50833
50829
50831
50835
50837
50839
50841
52795
53087
53089
53301
53311
53303
53299
53305
53307
53309
53313
54531
54551
54533
54549
54537
54547
54539
54529
54543
54545
54565
54573
54575
54541
54557
54561
54569
54571
54581
54731
54733
54735
54737
54739
54741
54743
54745
54747
54749
54751
54753
54755
54757
54759
54761
54763
54765
54767
54769
54771
54773
54775
54777
54779
54781
54783
56529
56523
56531
56525
56527
56543
56533
56541
56547
56685
56687
56689
56691
56693
56695
56697
56699
56701
56703
56705
56707
56709
56711
56713
56715
56717
56719
56721
56723
56725
56727
56729
56731
56733
56735
57085
57087
57089
57091
57093
57095
57097
57099
57101
57103
57105
57107
57109
57219
57229
57231
58025
58011
58027
58009
58013
58015
58017
58019
58023
58033
58007
58021
59833
59813
59817
59831
59823
59843
59845
59847
59849
59851
59815
59825
59827
59829
59835
59837
60045
60039
60049
60053
60061
60057
60043
60065
60059
60063
60073
60087
60089
60091
60093
60095
60097
60079
60083
61367
61373
62299
62295
62403
62405
62407
62409
62411
62413
62415
62417
62419
62421
62423
62425
62427
62429
62431
62433
62435
62437
62439
62441
62443
62445
62447
62449
62451
62453
62455
62457
62459
62461
62463
62465
62467
62469
62471
62473
62475
62477
62479
63877
63879
63881
63883
63885
63887
63889
63891
63893
63895
63897
63899
63901
64311
64309
64305
64313
64323
64331
64333
64335
64337
64339
64341
64343
64345
64347
64349
64351
64353
64355
65815
65817
65813
66309
66311
66313
66317
66327
66319
66329
66331
66325
66335
66337
66333
67169
67167
67249
67251
67253
67255
67257
67259
67261
67263
67265
67267
67269
67271
67273
68055
68051
68053
68057
68059
68061
68063
68065
68067
68069
68071
68073
68075
68077
68341
68345
69203
69215
69217
69219
69221
69201
69211
69209
69197
69213
70041
70047
70055
70045
70035
70053
70057
70059
70061
70037
70033
70039
70043
70049
70051
70747
70743
70745
71283
71289
71281
71293
71295
71297
71299
71301
71285
71331
71333
71305
71307
71309
71311
71313
71315
71317
71319
71321
71323
71325
71327
71329
