161
157
159
163
165
167
169
171
173
181
183
185
187
189
191
193
195
197
175
177
179
321
383
379
381
1069
1065
1067
1071
1073
1075
1077
1135
1131
1133
1137
1139
1141
1703
2015
2011
2013
2139
2135
2137
2141
2143
2145
2147
2149
2151
2157
2153
2155
2179
2181
2183
2649
2645
2647
2651
2653
2655
2765
2761
2763
2767
2769
2771
2773
2775
2777
2783
2785
2779
2781
3213
3209
3235
3237
3643
4209
4205
4207
4211
4229
4231
4233
4235
4561
4581
4771
4767
4769
4773
4775
4777
4779
4821
5623
5619
5621
5625
5769
7043
7153
7155
7201
7203
7175
7177
7357
7353
7355
7359
7477
7473
7475
7479
7481
7483
7489
7485
7487
7491
7503
7579
7581
7583
7585
7587
7589
7591
7593
7595
7597
7599
7601
7603
7499
7501
7869
7871
7875
7877
7879
7881
7883
7885
7887
7889
7891
7897
7873
7923
7975
7977
7979
7981
7983
7985
7987
7989
7991
7993
7995
7997
7999
8099
8101
8103
8105
8107
8109
8111
8113
8115
8117
8119
8121
8123
8125
7893
7895
7899
7925
7927
7929
7931
7933
7935
7937
7939
7941
7943
7945
7947
7949
8199
8201
8203
8205
8207
8209
8211
8213
8215
8217
8219
8221
8223
8225
8227
8229
8231
8233
8235
8237
8239
8241
8243
8245
8247
8249
8251
8253
8255
8257
8259
8261
8263
8265
8267
8269
8271
8273
8351
8353
8355
8357
8359
8361
8363
8365
8367
8369
8371
8373
8275
8277
8279
8281
8283
8285
8287
8289
8291
8293
8295
8297
8299
8323
8325
8327
8329
8331
8333
8335
8337
8339
8341
8343
8345
8347
8349
8425
8427
8429
8431
8433
8435
8437
8439
8441
8443
8445
8447
8449
8451
8453
8455
8457
8459
8461
8463
8465
8467
8469
8471
8473
8475
8477
8479
8481
8483
8485
8487
8489
8491
8493
8495
8497
8499
8697
8693
8695
8699
8701
8901
8903
9099
9095
9097
9101
9103
9105
9107
9109
9111
9117
9113
9115
9197
9231
9601
9597
9599
9603
9605
9607
9679
9675
9677
9681
9683
9685
9687
9793
9789
9791
9795
9797
9799
10011
10027
10007
10009
10013
10015
10017
10019
10021
10023
10025
10063
10155
10151
10153
10157
10159
10161
10163
10165
10167
10173
10175
10177
10179
10169
10171
10489
10485
10487
10491
10493
10495
10497
10499
10501
10507
10509
10503
10505
10511
10513
10515
10553
10671
10667
10669
10673
10675
10677
10765
10761
10763
10767
10769
10771
10773
10775
10801
10803
10805
10807
10809
10811
10813
10815
10795
10797
10799
10817
10819
10793
11191
11343
11339
11341
11345
11347
11349
11351
11353
11355
11385
11387
11389
11391
11393
11395
11397
11399
11401
11403
11565
11561
11563
11567
11569
11571
11573
11575
11577
11583
11585
11587
11589
11591
11579
11581
11887
11883
11885
11889
11891
11893
12093
12089
12091
12095
12097
12099
12101
12103
12105
12111
12113
12107
12109
12245
12613
12713
12709
12711
12715
12717
12719
12721
12723
12725
12727
12753
12755
12757
13713
13709
13711
13715
13717
13719
13721
13723
13725
13731
13733
13735
13737
13727
13729
13783
13785
13787
13789
13955
13951
13953
13957
13959
13961
13963
13965
13967
13973
13969
13971
14171
14435
14431
14433
14437
14439
14839
14835
14837
14841
14843
14845
14847
14961
14957
14959
14963
14965
14969
14971
14973
14975
14977
14979
14981
14983
14967
15165
15161
15163
15167
15169
15171
15477
15479
15695
15691
15693
15697
15699
15701
15703
15705
15707
15713
15715
15709
15711
16093
16089
16091
16095
16097
16183
16185
16307
16329
16331
16333
16335
16337
16339
16299
16341
16343
16345
16347
16349
16351
16353
16303
16301
16305
16309
16355
16357
16359
16361
16363
16365
16367
16369
16371
16373
16375
16377
16379
16467
16469
16471
16473
16475
16477
16479
16481
16483
16489
16491
16493
16495
16497
16499
16485
16487
16609
16605
16607
16779
17091
17283
17279
17881
17883
17905
17929
17931
17903
18343
19089
19167
19169
20151
20147
20149
20153
20155
20157
20159
20161
20163
20169
20171
20165
20167
20313
20315
20503
20499
20501
20505
20507
20509
20631
20627
20629
20839
20835
20837
20841
20843
20845
20975
20971
20973
20977
20979
20981
20983
20985
20987
20993
20995
20997
20999
21001
21003
21005
21007
21009
20989
20991
21013
21503
21577
21573
21575
21579
21581
21583
21585
21587
21589
21595
21597
21599
21601
21603
21605
21607
21609
21611
21613
21615
21617
21619
21591
21593
21641
21643
21645
21647
21649
21651
21653
21655
21657
21659
21995
21991
21993
22099
22095
22097
22101
22103
22105
22195
22595
22591
22593
22597
22599
22601
22603
22605
22951
22947
22957
22949
22953
22955
22963
23427
23423
23425
23459
23455
23457
23461
23463
23565
23561
23563
23567
23569
23571
23573
23575
23577
23583
23585
23587
23589
23591
23593
23595
23597
23599
23601
23603
23605
23609
23581
23607
23611
23613
23579
23681
23683
23685
23687
23689
23691
23693
23695
23697
23703
23705
23699
23701
23719
23721
23717
23753
23775
23777
23921
23917
23919
23923
23925
23927
23929
23931
23933
23935
23937
24227
24223
24225
24229
24231
24613
24777
24779
25445
25447
26623
26631
26647
26643
26645
26649
26651
26653
26655
26663
26665
26667
26669
26659
26661
26701
26703
26705
26707
26709
26711
26713
26715
26717
26719
26721
26723
26725
26657
26727
26729
26731
26733
26735
26737
26739
26741
26743
26745
26747
26749
26751
26827
26829
26831
26833
26835
26837
26839
26841
26843
26845
26847
26849
26851
26853
26855
26857
26859
26861
26863
26865
26867
26869
26871
26873
26875
26951
26953
26955
26957
26959
26961
26963
26965
26967
26969
26971
26973
26975
26877
26879
26881
26883
26885
26887
26889
26891
26893
26895
26897
26899
26901
26903
26905
26907
26909
26911
26913
26915
26917
26919
26921
26923
26925
27101
27103
27105
27107
27109
27111
27113
27115
27117
27119
27121
27123
27125
27027
27029
27031
27033
27035
27037
27039
27041
27043
27045
27047
27049
27051
27203
27705
27701
27703
27707
27709
27711
27713
27967
27963
27965
27969
27971
28261
28257
28259
28263
28265
28267
28269
28271
28273
28279
28275
28277
28437
28433
28435
28801
28797
28799
28803
28805
28807
28815
28817
28819
28821
28823
28825
28827
28831
28833
28837
28839
28841
28829
28835
29137
29133
29135
29139
29141
29143
29145
29147
29149
29155
29151
29153
29159
29161
29163
29753
29749
29751
29755
29757
29759
29761
29763
29765
29767
29769
30361
30357
30359
30363
30365
30415
30627
30623
30625
30857
31051
31053
31677
31673
31675
31679
31863
31859
31861
31865
31867
31869
31871
31873
32023
32019
32021
32025
32027
32029
32093
32089
32091
32179
32181
32533
32529
32531
32535
32569
32565
32567
32571
32573
32575
32577
32579
32581
32615
32713
32715
33119
33115
33117
33121
33123
33125
33127
33129
33131
33133
33135
33137
33139
33141
33143
33187
33189
33191
33657
33653
33655
33697
33813
33809
33815
33817
33819
33821
33823
33811
34039
34035
34037
34041
34043
34045
34047
34049
34051
34057
34059
34061
34053
34055
34155
34151
34153
34157
34159
34161
34163
34165
34301
34297
34299
34303
34361
34453
34525
34521
34523
34527
34529
34531
34681
34677
34679
34997
35097
35093
35095
35099
35101
35141
35103
35105
35107
35109
35111
35113
35115
35149
35151
35153
35155
35157
35159
35161
35163
35165
35167
35169
35171
35173
35175
35177
35179
35181
35183
35185
35187
35189
35191
35193
35195
35197
35199
35139
36117
36209
36245
36563
36565
36675
36741
36841
36837
36839
36843
36845
36847
36849
36851
36853
36855
36857
37139
37135
37137
37399
38019
38103
38099
38101
39215
39211
39213
39237
39239
39369
39683
39701
40417
40795
40791
40793
40797
40799
40801
40803
40805
40807
40813
40809
40811
41211
41207
41209
41213
41215
41217
41219
41221
41223
41225
41227
41401
41397
41399
41485
41615
41763
41799
41795
41797
41801
41803
41805
41807
41809
41953
41949
41951
41955
41957
41959
41961
41963
41965
41967
41997
41999
42001
42003
42005
42007
42009
42011
42013
42039
42041
42045
42015
42017
42019
42021
42023
42025
42027
42029
42031
42033
42035
42037
42043
42101
42103
42105
42107
42109
42111
42617
42677
42673
42675
42679
42681
42683
42701
42703
42697
42699
42685
42687
42689
42691
42693
42695
43185
43465
43579
43575
43577
43581
43583
43585
43587
43589
43591
43597
43599
43601
43603
43605
43607
43609
43611
43613
43615
43617
43593
43595
43653
43655
43657
43659
43661
43663
43665
43667
43669
43671
44211
44213
44273
44269
44271
44275
44277
44279
44785
44811
45053
45049
45051
45295
45291
45293
45297
45299
45423
45419
45421
45425
45427
45429
45431
45433
45435
45441
45443
45445
45447
45449
45451
45453
45455
45457
45459
45461
45463
45467
45465
45469
45471
45437
45439
45699
45695
45697
45701
45703
45705
45707
45835
45837
45977
45979
46061
46295
47175
47177
47405
47401
47403
47629
47625
47627
47631
47633
47635
47637
47639
47641
47643
47737
47733
47735
47739
47741
47743
47745
47747
47749
47751
47753
47819
47815
47817
47821
47823
47825
47827
47829
47831
47833
47955
47951
47959
47963
47965
47967
47969
47971
47973
47975
47977
47979
47981
47957
47961
47983
47953
48631
48627
48629
48777
48773
48775
48779
48781
48783
48785
48787
48789
48795
48797
48799
48791
48793
48929
48925
48927
48931
48933
48937
48939
49585
49653
49649
49651
49655
49657
49705
49707
49709
49711
49713
49715
49717
49719
49721
49723
49725
49727
49679
49681
49805
49801
49803
49807
49809
49811
49813
49815
49817
50455
51297
51299
51321
51345
51347
51319
51653
51649
51651
51655
51657
51659
51661
51663
51665
51667
51669
51851
51847
51849
51853
51855
51857
51861
51981
51977
51979
51983
51985
52587
52583
52585
52589
52591
52593
52595
52597
52631
52599
52601
52603
52605
52607
52609
52611
52613
52615
52617
52619
52621
52623
52625
52633
52627
52629
52635
52725
52777
52779
52781
52783
52785
52787
52789
52791
52793
52795
52797
52799
52801
52803
52771
52767
52769
52773
52775
53001
52977
52973
52975
52999
53185
53723
53719
53721
53725
53727
53729
53731
53733
53735
53741
53737
53739
53825
53821
53823
53827
53829
53831
53835
53837
53839
53937
53933
53935
53939
53941
54029
54025
54027
54031
54033
54035
54037
54039
54041
54047
54043
54045
54057
54059
54293
54295
54297
54299
54301
54303
54305
54437
54433
54435
54439
54441
54443
54445
54447
54449
54455
54457
54459
54461
54463
54465
54467
54469
54471
54473
54475
54477
54481
54451
54479
54483
54453
54565
54561
54563
54639
54635
54637
54641
54643
54645
54647
54649
54651
54657
54659
54661
54663
54665
54653
54655
54775
54771
54773
54777
54779
54781
54783
54785
54787
54793
54795
54797
54799
54801
54803
54805
54789
54791
54969
54965
54967
54971
54973
54975
54977
54979
54981
55011
55013
55015
55017
55019
55021
55023
55025
55097
55093
55095
55215
55211
55213
55217
55275
55271
55283
55285
55287
55289
55291
55293
55295
55297
55299
55301
55273
55277
55279
55281
55527
55637
55633
55635
55639
55641
55643
55645
55647
55755
55751
55753
55757
55759
55761
55763
55765
55767
56673
56669
56671
56675
56677
56679
56681
56683
56685
56755
56751
56753
56757
57077
57073
57075
57221
57217
57219
57223
57225
57227
57229
57231
57233
57239
57241
57237
57235
57261
57263
57265
57267
57269
57271
57273
57275
57277
57299
57301
57303
57305
57307
57349
57345
57495
57491
57493
57497
57681
57683
57705
57729
57731
57735
57737
57689
57703
57799
57801
57803
58835
58843
59095
59203
59205
59667
59869
59871
60059
60055
60057
60071
60177
60805
60801
60803
60807
60809
60811
60813
61339
61583
61579
61581
61585
61587
61687
61781
61777
61779
61783
61785
61787
61789
61791
61793
61795
61799
61801
61797
62127
62123
62125
62129
62131
62133
62135
62137
62139
62145
62141
62143
62251
62253
62425
62453
62423
62429
62455
62427
62533
62535
62537
62539
62541
62543
62545
62547
62549
62649
63385
63381
63383
63387
63389
63391
63393
63395
63397
63403
63399
63401
63433
63435
63437
63439
63595
63597
63599
63601
63603
63605
63607
63609
63611
63613
63615
63617
63619
63621
63623
63625
63627
63629
63631
63633
63635
63637
63639
63641
63643
63645
63647
63649
63651
63653
63655
63657
63659
63661
63663
63665
63667
63669
63671
63673
63675
63677
63679
63681
63683
63685
63687
63689
63691
63693
63695
63697
63699
63701
63703
63705
63707
63709
63711
63713
63715
63717
63719
63721
63723
63725
63727
63729
63731
63733
63735
63737
63739
63741
63743
63745
63871
63873
63875
63877
63879
63881
63883
63885
63887
63889
63891
63893
64071
64073
64075
64077
64079
64081
64083
64085
64087
64089
64091
64093
63895
63897
63899
63901
63903
63905
63907
63909
63911
63913
63915
63917
63919
63921
63971
63973
63975
63977
63979
63981
63983
63985
63987
63989
63991
63993
63995
64095
64097
64099
64101
64103
64105
64107
64109
64111
64113
64115
64117
64119
64121
64221
64223
64225
64227
64229
64231
64233
64235
64237
64239
64241
64243
64245
64171
64173
64175
64177
64179
64181
64183
64185
64187
64189
64191
64193
64195
64395
64397
64399
64401
64403
64405
64407
64409
64411
64413
64415
64417
64419
64421
64295
64297
64299
64301
64303
64305
64307
64309
64311
64313
64315
64317
64319
64471
64473
64475
64477
64479
64481
64483
64485
64487
64489
64491
64493
64495
64497
64499
64501
64503
64505
64507
64509
64511
64513
64515
64517
64519
64521
64573
64575
64577
64579
64581
64583
64585
64587
64589
64591
64593
64595
64597
64599
64601
64603
64605
64607
64609
64611
64613
64615
64617
64619
64621
64545
64547
64549
64551
64553
64555
64557
64559
64561
64563
64565
64567
64569
64571
64645
64647
64649
64651
64653
64655
64657
64659
64661
64663
64665
64667
64669
64671
64721
64723
64725
64727
64729
64731
64733
64735
64737
64739
64741
64743
64745
64747
64749
64751
64753
64755
64757
64759
64761
64763
64765
64767
64769
64823
64825
64827
64829
64831
64833
64835
64837
64839
64841
64843
64845
64797
64799
64801
64803
64805
64807
64809
64811
64813
64815
64817
64819
64821
64771
64773
64775
64777
64779
64781
64783
64785
64787
64789
64791
64793
64795
64897
64899
64901
64903
64905
64907
64909
64911
64913
64915
64917
64919
64921
64923
64925
64927
64929
64931
64933
64935
64937
64939
64941
64943
64945
64947
64949
64951
64953
64955
64957
64959
64961
64963
64965
64967
64969
64971
64997
64999
65001
65003
65005
65007
65009
65011
65013
65015
65017
65019
65021
65023
65025
65027
65029
65031
65033
65035
65037
65039
65041
65043
65045
65047
65049
65051
65053
65055
65057
65059
65061
65063
65065
65067
65069
65071
65121
65123
65125
65127
65129
65131
65133
65135
65137
65139
65141
65073
65075
65077
65079
65081
65083
65085
65087
65089
65091
65093
65095
65097
65207
65201
65203
65205
65499
65495
65497
65501
65503
65505
65507
65509
65511
65513
65515
65611
65613
65683
65907
65903
65905
65909
65911
65913
65915
65917
65919
65921
65923
65925
66135
66131
66133
66137
66139
66141
66143
66145
66147
66149
66151
67063
67059
67061
67065
67067
67069
67075
67071
67073
67077
67101
67103
67163
67165
67167
67169
67171
67173
67175
67177
67179
67181
67183
67185
67187
67263
67265
67267
67269
67271
67273
67275
67277
67279
67281
67283
67285
67287
67289
67291
67293
67295
67297
67299
67301
67303
67305
67307
67309
67311
67475
67471
67473
67477
67479
67481
67483
67485
67487
67493
67495
67489
67491
67551
67547
67549
67947
67943
67945
67949
67951
67953
67955
67957
67959
67965
67967
67969
67971
67973
67975
67961
67963
68069
68065
68067
68071
68073
68075
68077
68079
68081
68083
68247
68717
69247
69249
69333
69329
69331
69335
69557
69941
69943
70089
70085
70087
70091
70093
70341
70435
70883
70879
70881
70885
70887
70889
70891
70951
70947
70949
70953
70955
71081
71083
71077
71079
71095
71091
71093
71097
71099
71101
71103
