55
57
59
61
63
65
67
69
71
79
81
83
85
87
73
75
77
289
311
307
309
313
315
317
319
321
323
325
327
329
331
339
335
337
341
343
345
347
349
351
353
357
359
361
363
355
885
883
881
997
999
1833
1829
1831
1835
1837
1839
1841
1843
1845
1851
1859
1861
1863
1847
1849
1855
1857
1853
2011
2007
2009
2013
2015
2017
2019
2021
2023
2029
2031
2033
2035
2037
2039
2025
2027
2501
2497
2499
2503
2505
2507
2509
2511
2513
2515
2517
3125
3121
3123
3127
3129
3131
3133
3135
3137
3143
3145
3147
3149
3139
3141
3341
3343
3367
3363
3365
3369
3371
3389
3391
3393
3395
3397
3399
3635
3631
3633
3637
3639
3641
3643
3645
3647
3653
3655
3657
3649
3651
4223
4219
4221
4225
4227
4229
4231
4415
4493
4583
4579
4581
4585
4587
4841
4849
4843
4847
4851
4853
4855
4857
4859
4861
4867
4869
4863
4865
4963
5203
5199
5201
5205
5207
5209
5211
5213
5215
5217
5219
5221
5223
5225
5227
5229
5231
5343
5339
5341
5345
5347
5349
5351
5353
5355
5357
5359
5361
5957
5985
5981
5983
5987
5989
5991
5993
5995
5997
5999
6045
6047
6049
6051
6053
6055
6057
6059
6061
6063
6065
6067
6069
6071
6073
6075
6077
6079
6081
6083
6085
6087
6089
6091
6093
6095
6221
6223
6225
6227
6229
6231
6233
6235
6237
6239
6241
6243
6245
6247
6171
6173
6175
6177
6179
6181
6183
6185
6187
6189
6191
6193
6195
6197
6435
6431
6433
6437
6439
6441
6443
6445
6447
6453
6455
6457
6459
6461
6463
6449
6451
6495
6777
6773
6775
6779
6781
6783
6785
6787
6789
6795
6797
6799
6801
6803
6805
6807
6809
6791
6793
7169
7165
7167
7171
7173
7175
7177
7179
7181
8617
8625
8627
8629
8631
8633
8653
8655
8657
8659
8661
8663
8613
8615
8619
8621
8637
8639
8641
8643
8645
8647
8649
8651
8635
8623
9185
9721
9723
9745
9743
9797
9799
9801
9803
9805
9807
9809
9811
9813
9893
9889
9891
9895
9897
9899
9901
9915
9917
9919
9921
9923
10195
10191
10193
10197
10559
10555
10557
10561
10563
10565
10567
10569
10571
10577
10579
10573
10575
10585
10587
10671
10843
11759
11763
11931
12175
12171
12173
12177
12179
12181
12183
12185
12187
12189
12497
12493
12495
12565
12561
12563
12567
12569
12571
12573
12575
13439
13471
14005
14271
14267
14269
14273
14275
14277
14279
14281
14283
14289
14291
14295
14297
14299
14301
14303
14305
14307
14309
14285
14287
14293
14341
14343
14345
14347
14443
14439
14441
14445
14447
14449
14451
14453
14455
14461
14463
14465
14467
14457
14459
14499
14501
14503
14505
14789
14785
14787
14791
14793
14795
14797
14799
14801
14803
14983
15239
15235
15237
15565
15561
15563
15567
15569
15571
15573
15575
15735
15731
15737
15739
15741
15743
15745
15747
15749
15753
15755
15757
15759
15761
15763
15765
15733
15751
15875
15871
15873
15877
15879
15881
15883
15885
15887
15889
15891
16133
16129
16131
16135
16137
16139
16141
16143
16145
16147
16357
16359
16473
16469
16471
16475
16477
16479
16481
16767
16865
16861
16863
16867
16869
16871
16873
16875
16969
16965
16967
16971
16973
16975
16977
16979
16981
16987
16989
16991
16993
16995
16997
16999
17001
17003
17005
17007
17009
16983
16985
17059
17061
17063
17065
17067
17069
17071
17073
17075
17081
17083
17085
17087
17089
17091
17093
17095
17077
17079
17253
17249
17251
17257
17259
17261
17263
17265
17267
17271
17273
17275
17277
17279
17281
17255
17269
17355
17357
17379
17375
17377
17381
17383
17385
17387
17389
17391
17397
17399
17401
17393
17395
17425
17421
17423
17427
17561
17557
17559
17563
18411
18407
18409
18413
18415
18417
18419
18421
18423
18429
18431
18433
18435
18437
18439
18441
18425
18427
18711
18707
18709
18713
18715
18717
18719
18721
19779
19775
19777
19781
19783
19785
19787
20057
20053
20055
20059
20061
20193
20189
20191
20195
20197
20199
20201
20203
20205
20211
20213
20207
20209
20259
21371
21373
21397
21535
21537
21539
21541
21543
21545
21547
21549
21845
21983
21979
21981
21985
21987
21989
21991
21993
21995
22001
22003
22005
22007
22009
22011
22013
22015
22017
22019
22021
22023
21997
22025
21999
22033
22035
22037
22039
22041
22043
22045
22047
22049
22053
22055
22051
22161
22455
22735
22839
22835
22837
22841
22843
22845
22847
22849
22851
22857
22859
22861
22863
22865
22867
22869
22871
22873
22853
22855
22943
22939
22941
22945
22947
22949
22951
23227
23415
24017
24259
24255
24257
24261
24263
24265
24267
24477
24937
24931
24935
24939
24941
24943
24945
24947
24949
25391
25687
25683
25685
25689
25691
25693
25695
25697
25699
25705
25707
25709
25711
25713
25715
25717
25701
25703
25741
25737
25739
25743
25745
25747
25749
25751
25753
25825
25821
25823
25827
25829
25831
25833
25871
25873
25875
25877
25879
25881
25883
25885
25887
26027
26135
26131
26133
26137
26521
26517
26519
26523
26525
26527
26529
26531
26533
26845
27103
27105
27221
27245
27241
27243
27247
27249
27251
27309
27305
27307
27311
27313
27315
27317
27319
27321
27327
27329
27331
27333
27335
27337
27339
27341
27343
27345
27347
27349
27323
27325
27487
27621
27791
27787
27789
27793
27795
27797
27803
27805
27807
27809
27811
27799
27801
28067
28077
28073
28075
28079
28081
28083
28085
28087
28089
28217
28213
28215
28219
28221
28451
28447
28449
28453
28455
28457
28459
28461
28463
28465
28467
28547
28543
28545
28633
29401
29397
29399
29403
29405
29407
29409
29411
29413
29419
29421
29423
29415
29417
29685
29681
29683
29687
29885
29881
29883
30663
30827
31329
31325
31327
31331
31333
31335
31337
31339
31609
31605
31607
31611
31613
31615
31617
31619
31621
31629
31623
31625
31627
31717
31713
31715
31719
31721
31723
31725
31727
31729
31735
31737
31739
31741
31743
31745
31747
31749
31751
31753
31755
31731
31733
31923
32557
32613
32609
32611
32615
32617
32619
32621
32623
32625
32631
32627
32629
33391
33387
33389
33393
33395
33397
33399
33401
33403
33405
33527
33523
33525
33529
33531
33533
33535
33537
33539
33545
33547
33549
33551
33553
33555
33557
33559
33561
33541
33543
33803
33799
33801
33805
33807
33809
34553
34549
34551
34555
34557
34559
34561
34563
34565
34567
34569
35109
35105
35107
35111
35113
35115
35117
35119
35121
35127
35129
35131
35123
35125
35471
35467
35469
35473
35475
35477
35479
35481
35483
35489
35491
35493
35485
35487
35699
35695
35697
35701
35703
35705
35707
35709
35711
35717
35719
35713
35715
36425
36421
36423
36427
36429
36595
36591
36593
36597
36599
36601
36603
36605
36607
36613
36615
36617
36619
36621
36623
36625
36627
36629
36631
36633
36635
36609
36611
37735
37731
37733
37737
37739
37741
37743
37745
37747
37749
37775
38143
38139
38141
38601
38597
38599
38603
38605
38607
38609
38611
38613
38619
38621
38623
38625
38617
38631
38629
38615
39127
39123
39125
39129
39131
39133
39135
39137
39139
39145
39147
39149
39151
39153
39155
39157
39159
39161
39141
39143
39815
39947
39943
39945
39949
39951
40291
40339
40335
40337
40341
40343
40345
40347
40349
41731
41733
41735
41737
41739
41741
41743
41745
41747
41749
41751
41727
41729
41817
41793
41815
42385
42381
42383
42387
42389
42391
42393
42579
42593
42589
42591
42595
42597
43301
43303
43413
43415
43421
43423
43425
43427
43429
43431
43433
43453
43455
43457
43459
43461
43463
43465
43467
43469
43475
43477
43479
43481
43483
43485
43487
43489
43491
43493
43471
43473
43503
43505
43507
43509
43847
43995
43991
43993
43997
43999
44001
44003
44301
44509
44505
44507
44511
44513
44515
44517
44519
44521
44523
44603
44599
44601
44605
44607
44639
44641
44987
45513
45509
45511
45515
45517
45519
45521
45523
45525
45531
45533
45535
45537
45539
45541
45543
45545
45547
45549
45551
45553
45527
45529
45653
45723
45719
45721
45725
45727
45729
45731
45733
45735
45737
45887
46943
46939
46941
46945
46947
46949
46951
46953
46955
46957
46959
46961
46963
46965
46967
46969
46971
46973
46975
46977
46979
46981
46983
46985
46987
46989
47097
47099
47101
47103
47105
47107
47109
47111
47113
47115
47117
47119
47069
47071
47073
47075
47077
47079
47081
47083
47085
47087
47089
47091
47093
47095
47145
47147
47149
47151
47153
47155
47157
47159
47161
47163
47165
47167
47169
47369
47371
47373
47375
47377
47379
47381
47383
47385
47387
47389
47391
47393
47395
47397
47399
47401
47403
47405
47407
47409
47411
47413
47415
47417
47419
47571
47573
47575
47577
47579
47581
47583
47585
47587
47589
47591
47593
47595
47645
47647
47649
47651
47653
47655
47657
47659
47661
47663
47665
47667
47669
47671
47673
47675
47677
47679
47681
47683
47685
47687
47689
47691
47693
47695
47697
47849
47851
47853
47855
47857
47859
47861
47863
47865
47867
47869
47871
47873
47875
47877
47879
47881
47883
47885
47887
47889
47891
47893
47895
47897
47797
47799
47801
47803
47805
47807
47809
47811
47813
47815
47817
47819
47821
47823
47825
47827
47829
47831
47833
47835
47837
47839
47841
47843
47845
47847
47997
47999
48001
48003
48005
48007
48009
48011
48013
48015
48017
48019
48021
48023
48025
48027
48029
48031
48033
48035
48037
48039
48041
48043
48045
47921
47923
47925
47927
47929
47931
47933
47935
47937
47939
47941
47943
47945
48047
48049
48051
48053
48055
48057
48059
48061
48063
48065
48067
48069
48071
48123
48125
48127
48129
48131
48133
48135
48137
48139
48141
48143
48145
48147
48073
48075
48077
48079
48081
48083
48085
48087
48089
48091
48093
48095
48097
48299
48301
48303
48305
48307
48309
48311
48313
48315
48317
48319
48321
48273
48275
48277
48279
48281
48283
48285
48287
48289
48291
48293
48295
48297
48471
48473
48475
48477
48479
48481
48483
48485
48487
48489
48491
48493
47947
47949
47951
47953
47955
47957
47959
47961
47963
47965
47967
47969
47971
48495
48497
48499
48501
48503
48505
48507
48509
48511
48513
48515
48517
48519
48521
48545
48547
48549
48551
48553
48555
48557
48559
48561
48563
48565
48567
48569
48571
48621
48623
48625
48627
48629
48631
48633
48635
48637
48639
48641
48643
48645
48647
48649
48651
48653
48655
48657
48659
48661
48663
48665
48667
48669
48671
48673
48675
48677
48679
48681
48683
48685
48687
48689
48691
48693
48941
48937
48939
49665
49661
49663
49667
49669
49671
49673
49675
49677
49683
49685
49687
49689
49679
49681
49983
50045
50041
50043
50047
50049
50051
50053
50055
50057
50063
50065
50059
50061
50283
50279
50281
50285
50287
50289
50291
50293
50295
50297
50459
50455
50457
51093
51095
51357
51365
51361
51363
51367
51369
51371
51803
51799
51801
51805
51807
51809
51811
51813
51815
51821
51823
51825
51817
51819
51843
51845
51901
51897
51899
51903
51907
51909
51911
51913
51915
51917
51919
51921
51923
51925
51929
51931
51933
51927
52729
52725
52727
52903
53291
53341
53687
53689
53691
53693
53695
53697
53699
53717
54013
54221
54217
54219
54223
54267
54263
54265
54269
54271
54455
54451
54453
54457
54459
54461
54463
54465
54467
54469
54487
54483
54485
54489
54491
54493
54495
54497
54499
54505
54507
54509
54511
54501
54503
54725
54745
55067
55443
55883
55891
55885
55889
55893
55897
55895
55995
55997
56277
56841
56843
56921
56923
57303
57299
57301
57305
57313
57315
57317
57319
57307
57309
57311
57395
57865
58145
58141
58143
58147
58149
58151
58175
58171
58173
58177
58179
58181
58183
58185
58187
58193
58195
58197
58199
58201
58203
58189
58191
58481
58483
58479
58515
58611
58757
58753
58755
58759
59315
59899
59895
59897
59901
59903
59905
59907
59981
59977
59979
59983
59985
59995
59997
59999
59987
59989
59991
59993
60091
60087
60089
60093
60095
60097
60099
60101
60103
60105
60107
60109
60111
60323
60319
60321
60325
60327
60329
60331
60333
60335
60341
60343
60345
60347
60337
60339
60601
60597
60599
60603
60605
60631
60633
60635
60637
60639
60641
60643
60645
60647
60653
60655
60657
60659
60661
60663
60665
60667
60669
60649
60651
60781
60783
60855
60851
60853
60857
60859
60861
60863
60865
61227
61239
61241
61519
61515
61517
61521
61523
61525
61527
61529
61531
62137
62139
62231
62227
62229
62233
62235
62237
62239
62253
62255
62257
62259
62261
62263
62265
62267
62291
62467
62685
62687
62717
62961
62957
62959
62963
62965
62967
62969
62971
62973
62979
62981
62983
62985
62987
62975
62977
63083
63079
63081
63085
63087
63089
63091
63093
63095
63101
63103
63097
63099
63799
63795
63797
63801
63803
63805
63807
64073
64075
64097
64109
64105
64107
64111
64113
64115
64117
64119
64121
64127
64123
64125
64593
64589
64591
64953
65287
65465
65557
65553
65555
65559
65561
65563
65565
65567
65569
65575
65577
65579
65571
65573
66299
66315
66595
66591
66593
66597
66599
66601
66603
66605
66607
66613
66615
66617
66619
66621
66623
66625
66627
66629
66631
66633
66609
66611
67081
67077
67079
67083
67133
67371
67365
67369
67373
67375
67377
67379
67381
67383
67389
67391
67393
67385
67387
67429
67431
67433
67435
67437
67439
67441
67443
67445
67447
67449
67857
67853
67855
67863
67885
67887
68001
67997
67999
68003
68059
68055
68057
68061
68063
68073
68075
68077
68079
68081
68083
68333
68329
68331
68335
68337
68339
68341
68343
68345
68479
68567
68563
68565
68569
68571
68573
68575
68577
68579
68597
68631
68627
68629
68633
68635
68637
68639
68641
68643
68649
68651
68645
68647
68915
68917
69077
69073
69075
69079
69081
69083
69085
69477
69505
69501
69503
69507
69509
69511
69513
69515
69517
69523
69525
69527
69529
69531
69533
69535
69537
69519
69521
70055
70051
70053
70057
70059
70061
70283
70507
70691
70837
70833
70835
70839
70841
70843
70845
70847
70849
70855
70853
70851
