101
167
459
793
1541
1537
1539
1543
1545
1635
2015
2011
2013
2017
2019
2021
2023
2025
2321
2317
2319
2323
2325
2327
2329
2331
2333
2597
2593
2595
2599
2601
2603
2605
2607
2609
2615
2611
2613
2791
2787
2789
3205
3391
3387
3389
3393
3395
3397
3399
3401
3403
3409
3411
3413
3415
3417
3419
3421
3423
3425
3427
3429
3405
3407
3549
3545
3571
3573
3641
4147
4287
4283
4285
4289
4291
4317
4319
4321
4323
4325
4327
4329
4331
4333
4769
4765
4767
4771
4773
4775
4777
5219
5215
5217
5939
5935
5937
5941
5943
5945
6267
6487
6489
6623
6619
6621
6625
6627
6629
6635
6637
6639
6631
6633
7097
7173
7169
7171
7175
7397
7393
7395
7399
7649
7783
7785
8201
8197
8199
8203
8205
8207
8209
8211
8213
8219
8221
8223
8225
8227
8229
8231
8233
8235
8237
8239
8217
8215
8391
8387
8389
8393
8395
8693
8745
8741
8743
8747
8749
8751
9045
9915
9979
9975
9977
9981
10183
10179
10181
10185
10187
10189
10191
10199
10201
10259
10261
10263
10265
10267
10269
10271
10273
10275
10277
10279
10281
10283
10285
10193
10195
10335
10337
10339
10341
10371
10373
10679
10675
10677
10681
10683
10685
10687
10821
10823
10825
10827
10829
10831
10833
10815
10811
10813
10817
10819
10905
10901
10903
10907
10909
10911
10913
11237
11279
11275
11277
11281
11283
11285
11287
11289
11291
11335
11337
11339
11341
11701
11697
11699
12003
11999
12001
12005
12007
12009
12011
12013
12015
12017
12019
12021
12023
12025
12027
12029
12031
12033
12039
12035
12037
12275
12271
12273
12665
12661
12663
12731
12931
12927
12929
12933
12935
12937
12939
12941
12943
12949
12951
12945
12947
13047
13737
13733
13735
13739
13741
13743
13745
13747
13749
13751
13813
13893
14063
14059
14061
14065
14067
14069
14071
14073
14075
14081
14083
14085
14087
14089
14077
14079
14283
14279
14281
14285
14287
14289
14291
14293
14295
14297
14299
14391
14387
14389
14393
14395
14397
14399
14401
14403
14405
14407
14409
14411
14413
14415
14423
14425
14427
14429
14431
14433
14417
14419
14421
14645
14647
14649
14651
14653
14655
14657
14659
14661
14663
14665
14667
14593
14595
14597
14599
14601
14603
14605
14607
14609
14611
14613
14615
14617
14619
14621
14623
14625
14627
14629
14631
14633
14635
14637
14639
14641
14643
14795
14797
14799
14801
14803
14805
14807
14809
14811
14813
14815
14817
14843
14845
14847
14849
14851
14853
14855
14857
14859
14861
14863
14865
14867
14769
14771
14773
14775
14777
14779
14781
14783
14785
14787
14789
14791
14793
14893
14895
14897
14899
14901
14903
14905
14907
14909
14911
14913
14915
14945
14947
14949
14951
14953
14955
14957
14959
14961
14963
14965
14967
14993
14995
14997
14999
15001
15003
15005
15007
15009
15011
15013
15015
15017
15019
15021
15023
15025
15027
15029
15031
15033
15035
15037
15039
15041
15043
14917
14919
14921
14923
14925
14927
14929
14931
14933
14935
14937
14939
14941
14943
15069
15071
15073
15075
15077
15079
15081
15083
15085
15087
15089
15091
15093
15269
15271
15273
15275
15277
15279
15281
15283
15285
15287
15289
15291
15293
15193
15195
15197
15199
15201
15203
15205
15207
15209
15211
15213
15215
15217
15219
15295
15297
15299
15301
15303
15305
15307
15309
15311
15313
15315
15317
15319
15369
15371
15373
15375
15377
15379
15381
15383
15385
15387
15389
15391
15393
15419
15421
15423
15425
15427
15429
15431
15433
15435
15437
15439
15441
15443
15469
15471
15473
15475
15477
15479
15481
15483
15485
15487
15489
15491
15493
15495
15497
15499
15501
15503
15505
15507
15509
15511
15513
15515
15517
15519
15645
15647
15649
15651
15653
15655
15657
15659
15661
15663
15665
15667
15569
15571
15573
15575
15577
15579
15581
15583
15585
15587
15589
15591
15593
15595
15669
15671
15673
15675
15677
15679
15681
15683
15685
15687
15689
15691
15693
15695
15769
15771
15773
15775
15777
15779
15781
15783
15785
15787
15789
15791
15793
15795
15797
15799
15801
15803
15805
15807
15809
15811
15813
15815
15817
15819
15719
15721
15723
15725
15727
15729
15731
15733
15735
15737
15739
15741
15743
15745
15869
15871
15873
15875
15877
15879
15881
15883
15885
15887
15889
15891
15893
15895
15919
15921
15923
15925
15927
15929
15931
15933
15935
15937
15939
15941
15943
15945
15995
15997
15999
16001
16003
16005
16007
16009
16011
16013
16015
16017
16019
16021
16023
16025
16027
16029
16031
16033
16035
16037
16039
16041
16043
16045
16047
16049
16051
16053
16055
16057
16059
16061
16063
16065
16067
16069
16071
16095
16097
16099
16101
16103
16105
16107
16109
16111
16113
16115
16117
16119
16121
16123
16125
16127
16129
16131
16133
16135
16137
16139
16141
16143
16145
16147
16149
16151
16153
16155
16157
16159
16161
16163
16165
16167
16169
16171
16295
16297
16299
16301
16303
16305
16307
16309
16311
16313
16315
16317
16319
16195
16197
16199
16201
16203
16205
16207
16209
16211
16213
16215
16217
16219
16221
16223
16225
16227
16229
16231
16233
16235
16237
16239
16241
16243
16245
16247
16249
16251
16253
16255
16257
16259
16261
16263
16265
16267
16269
16271
16345
16347
16349
16351
16353
16355
16357
16359
16361
16363
16365
16367
16369
16371
16373
16375
16377
16379
16381
16383
16385
16387
16389
16391
16393
16545
16547
16549
16551
16553
16555
16557
16559
16561
16563
16565
16567
16569
16495
16497
16499
16501
16503
16505
16507
16509
16511
16513
16515
16517
16519
16621
16623
16625
16627
16629
16631
16633
16635
16637
16639
16641
16643
16645
16395
16397
16399
16401
16403
16405
16407
16409
16411
16413
16415
16417
16419
16771
16773
16775
16777
16779
16781
16783
16785
16787
16789
16791
16793
16795
16845
16847
16849
16851
16853
16855
16857
16859
16861
16863
16865
16867
16869
16871
16947
16949
16951
16953
16955
16957
16959
16961
16963
16965
16967
16969
16971
16973
16975
16977
16979
16981
16983
16985
16987
16989
16991
16993
16995
16997
16999
17001
17003
17005
17007
17009
17011
17013
17015
17017
17019
17021
17023
17097
17099
17101
17103
17105
17107
17109
17111
17113
17115
17117
17119
17121
17123
17125
17127
17129
17131
17133
17135
17137
17139
17141
17143
17145
17147
17149
17151
17153
17155
17157
17159
17161
17163
17165
17167
17169
17171
17201
17203
17205
17207
17209
17211
17213
17215
17217
17219
17221
17223
17249
17251
17253
17255
17257
17259
17261
17263
17265
17267
17269
17271
17273
17275
17277
17279
17281
17283
17285
17287
17289
17291
17293
17295
17297
17299
17325
17327
17329
17331
17333
17335
17337
17339
17341
17343
17345
17347
17173
17175
17177
17179
17181
17183
17185
17187
17189
17191
17193
17195
17197
17199
17349
17351
17353
17355
17357
17359
17361
17363
17365
17367
17369
17371
17373
17375
17501
17503
17505
17507
17509
17511
17513
17515
17517
17519
17521
17523
17525
17599
17601
17603
17605
17607
17609
17611
17613
17615
17617
17619
17621
17623
17649
17651
17653
17655
17657
17659
17661
17663
17665
17667
17669
17671
17673
17475
17477
17479
17481
17483
17485
17487
17489
17491
17493
17495
17497
17499
17775
17777
17779
17781
17783
17785
17787
17789
17791
17793
17795
17797
17799
17801
17803
17805
17807
17809
17811
17813
17815
17817
17819
17821
17823
17825
17827
17829
17831
17833
17835
17837
17839
17841
17843
17845
17847
17849
17899
17901
17903
17905
17907
17909
17911
17913
17915
17917
17919
17921
17923
17925
17959
17961
17963
17965
17967
17969
17971
17973
17975
17981
17983
17987
17977
17989
17979
18049
18051
18159
18155
18157
18161
18163
18205
18201
18203
18207
18209
18211
18213
18549
18545
18547
18803
18829
19347
19939
19963
19959
19961
19965
19967
19969
20233
20229
20231
20235
20237
20255
20277
20279
20333
20335
20337
20339
20341
20343
20345
20347
20349
20635
20631
20633
20637
20819
20815
20817
20821
20823
20825
21027
21023
21025
21105
21101
21103
21107
21109
21111
21113
21115
21117
21123
21125
21127
21129
21119
21121
21681
21677
21679
21683
21685
21687
21689
21829
21825
21827
22161
22157
22159
22163
22165
22167
22169
22171
22173
22179
22181
22183
22185
22187
22189
22175
22177
22607
22603
22605
22609
23195
23563
23559
23561
23565
23567
23569
23571
23573
23575
23577
23639
23635
23637
23641
23643
23645
23807
23803
23805
23809
23811
23813
23815
23817
23819
23821
23823
24579
24575
24577
24581
24583
24585
24587
24589
24591
24597
24599
24601
24603
24605
24607
24617
24619
24623
24595
24609
24611
24613
24615
24621
24593
25651
25647
25649
25977
25991
25987
25989
25993
25995
25997
25999
26001
26003
26009
26011
26007
26005
26017
26063
26065
26067
26069
26071
26073
26075
26077
26079
26161
26315
26311
26313
26317
26319
26321
26323
26325
26327
26329
26637
26633
26635
26639
26641
26779
26775
26777
26855
26851
26853
26857
26859
26861
26863
26865
27031
27801
27803
28061
28063
28255
28385
28381
28383
28387
28663
29371
29367
29369
29373
29375
29377
29379
29381
29383
29755
29751
29753
29757
29759
29761
29763
29765
29767
29773
29775
29777
29769
29771
30129
30125
30127
30131
30733
30729
30731
30735
30737
30739
30741
30743
30751
30753
30755
30757
30759
30761
30763
30765
30745
30747
30749
30787
30789
30791
30847
30915
30911
30913
30917
30919
30921
30923
30925
30927
30929
30933
31109
31105
31107
31111
31423
31657
31659
31707
31803
31799
31801
31805
31807
31809
31811
31813
31815
31821
31823
31825
31827
31829
31831
31833
31835
31837
31839
31819
31817
32587
32589
33137
33133
33135
33363
33359
33361
33365
33367
33369
33371
33451
33447
33449
33453
33455
33457
33459
33461
33463
33469
33465
33467
33505
33507
33509
33511
33513
33577
33601
33597
33599
33603
33605
33607
33609
33611
33613
33615
33617
33699
33695
33697
33701
33703
33705
33707
33709
33711
33717
33713
33715
33941
33937
33939
33943
33945
33947
34017
34019
34021
34023
34025
34027
34029
34031
34033
34035
34037
34039
34041
34043
33975
33977
34203
34199
34201
34205
34207
34209
34659
34661
34979
35099
35095
35097
35101
35103
35105
35107
35109
35111
35113
35155
35151
35153
35157
35159
35161
35163
35165
35167
35169
35387
35383
35385
35431
35427
35453
35455
35495
35497
35793
35789
35791
35795
35797
35799
36029
36265
36261
36263
36275
36277
36279
36281
36283
36285
36287
36289
36291
36293
36295
36297
36267
36269
36271
36273
36347
36803
36799
36801
36805
36807
36809
36811
36813
37211
37207
37209
37213
37215
37217
37219
37263
37259
37261
37265
37267
37269
37271
37273
37607
37603
37605
37609
37611
37613
37615
37617
37619
37625
37627
37629
37631
37633
37635
37637
37639
37621
37623
37809
37805
37807
37811
37813
37815
38127
38123
38125
38231
39037
39033
39035
39039
39041
39093
39089
39091
39095
39375
39371
39373
39397
39399
40425
40427
40683
40679
40681
40685
41239
41513
41515
41517
41519
41521
41523
41525
41527
41529
41531
41533
41535
41537
41539
41541
41543
41545
41547
41549
41551
41553
41555
41509
41511
41863
41859
41861
42077
42165
42161
42163
42167
42169
42171
42173
42175
42177
42179
42181
42279
42281
42807
42803
42805
42809
42811
42813
43193
43195
43487
43483
43485
43489
43499
43501
43519
43521
43523
43525
43527
43529
43531
43533
43535
43537
43539
43541
43543
43545
43547
43549
43551
43553
43555
43557
43559
43561
43563
43565
43567
43569
43719
43721
43723
43725
43727
43729
43731
43733
43735
43737
43739
43741
43743
43745
43747
43749
43751
43753
43755
43757
43759
43761
43763
43765
43767
43769
43491
43493
43495
43497
43669
43671
43673
43675
43677
43679
43681
43683
43685
43687
43689
43691
43693
44047
44043
44045
44049
44113
44115
44295
44291
44595
44597
44871
44867
44869
44873
44875
44877
44879
44881
44883
44889
44891
44893
44895
44897
44899
44901
44903
44905
44907
44909
44913
44915
44911
44885
44887
44951
44953
44955
44957
44959
44961
45169
45167
45171
45173
45175
45177
45179
45181
45165
45637
45619
45639
45667
46063
46059
46061
46987
46983
46985
46989
46991
46993
46995
46997
46999
47001
47231
47283
47279
47281
47285
47287
47289
47367
47905
47901
47903
47907
47909
47911
47913
47915
47917
47933
47935
47937
47939
47941
47943
47945
47947
47949
47951
47953
47955
47957
47959
47961
47963
47965
47967
47969
48047
48043
48045
48049
48051
48053
48055
48057
48059
48065
48067
48069
48071
48073
48075
48077
48079
48081
48083
48085
48087
48091
48061
48089
48063
48255
48257
48327
48401
48397
48399
48403
48405
48407
48409
48411
48413
48445
48447
48449
49457
49865
49901
50491
50487
50489
50493
50495
50497
50499
50501
50503
50509
50511
50513
50515
50505
50507
50845
50841
50843
50847
50873
50871
50869
50989
50991
50993
50995
50997
50999
51001
51003
51005
51007
51009
51011
51013
51015
51017
51019
51021
51023
51025
51027
51029
51031
51033
51035
51037
51039
51041
51043
51045
51047
51049
51051
51053
51055
51057
51059
51061
51063
51115
51117
51119
51121
51123
51125
51127
51129
51131
51133
51135
51137
51139
51141
51143
51145
51147
51149
51151
51153
51155
51157
51159
51161
51163
51165
51167
51169
51171
51173
51175
51177
51179
51181
51183
51185
51187
51189
51213
51215
51217
51219
51221
51223
51225
51227
51229
51231
51233
51235
51237
51239
51241
51243
51245
51247
51249
51251
51253
51255
51257
51259
51261
51263
51265
51393
51395
51397
51399
51401
51403
51405
51407
51409
51411
51413
51415
51515
51517
51519
51521
51523
51525
51527
51529
51531
51533
51535
51537
51539
51591
51593
51595
51597
51599
51601
51603
51605
51607
51609
51611
51613
51615
51365
51367
51369
51371
51373
51375
51377
51379
51381
51383
51385
51387
51389
51391
51693
51695
51697
51699
51701
51703
51705
51707
51709
51711
51713
51715
51741
51743
51745
51747
51749
51751
51753
51755
51757
51759
51761
51763
51665
51667
51669
51671
51673
51675
51677
51679
51681
51683
51685
51687
51689
51691
51765
51767
51769
51771
51773
51775
51777
51779
51781
51783
51785
51787
51789
51791
51815
51817
51819
51821
51823
51825
51827
51829
51831
51833
51835
51837
51839
51841
51865
51867
51869
51871
51873
51875
51877
51879
51881
51883
51885
51887
51889
51891
52015
52017
52019
52021
52023
52025
52027
52029
52031
52033
52035
52037
52039
52041
52043
52045
52047
52049
52051
52053
52055
52057
52059
52061
52063
52065
52141
52143
52145
52147
52149
52151
52153
52155
52157
52159
52161
52163
52165
52167
52091
52093
52095
52097
52099
52101
52103
52105
52107
52109
52111
52113
52115
52117
52547
52543
52545
52549
52551
52553
52563
52559
52561
52565
52567
52569
52571
52573
52575
52577
52615
52617
52619
52621
52623
52625
52627
52785
53035
53031
53033
53037
53039
53041
53043
53045
53047
53053
53055
53057
53059
53061
53063
53049
53051
53099
53101
53297
53293
53295
53299
53503
54049
54243
55275
55301
56217
56213
56215
56325
56561
56627
56623
56625
56629
56631
56633
56635
56663
56665
56667
56669
56671
57271
57273
57413
57409
58087
58083
58143
58441
58437
58439
58443
58445
58447
58449
58451
58453
58459
58461
58463
58465
58467
58455
58457
58785
58781
58783
58787
58867
59095
59149
59145
59699
59695
59697
59701
59703
59913
59987
59983
59985
59989
59991
59993
59995
59997
59999
60005
60007
60009
60011
60013
60015
60017
60019
60021
60023
60025
60027
60031
60029
60001
60003
60035
60037
60095
60347
60403
60399
60401
60649
60645
60647
60651
60653
60655
60657
60659
60661
60667
60669
60671
60673
60675
60677
60679
60663
60665
60933
61111
61107
61109
61113
61115
61581
61577
61579
61583
61585
61613
61615
61617
61651
61653
61655
61657
61659
62493
62489
62491
62495
62497
62499
62501
62503
62505
62507
62509
62605
62601
62705
62829
62891
62931
62927
62929
62933
62935
62937
62939
62941
62943
62949
62951
62953
62955
62957
62959
62961
62945
62947
63029
63031
63077
63073
63075
63079
63081
63083
63085
63087
63089
63091
63093
63495
63497
64421
64501
64497
64499
64503
64505
64507
64509
64511
64513
64515
64537
64539
65167
65169
65273
65269
65271
65275
65277
65405
65515
65511
65513
65517
65519
65521
65523
65525
65527
65529
65669
65671
65789
65785
65787
65791
65793
65795
65797
65799
65801
65807
65809
65811
65813
65815
65817
65819
65821
65823
65825
65827
65829
65833
65831
65835
65837
65803
65805
65991
65987
65989
65993
65995
66077
66073
66075
66079
66081
66175
66171
66173
66177
66179
66181
66899
67115
67111
67113
67175
67171
67173
67177
67179
67181
67193
67195
67197
67199
67201
67659
67655
67657
67661
67663
67665
67667
67669
67671
67677
67679
67673
67675
67911
68313
68309
68311
68315
68317
68319
68321
68323
68325
68331
68333
68335
68337
68339
68341
68343
68345
68347
68349
68351
68353
68355
68327
68329
68397
68633
68629
68631
68635
68637
68639
68641
68643
68683
68685
68687
68689
68691
68693
68695
68697
68699
68803
68799
68801
68805
68807
68809
68811
68813
68815
68821
68823
68825
68827
68829
68831
68833
68835
68837
68817
68819
68845
68847
68849
68851
68991
69435
69431
69433
69437
69439
69441
69443
69551
69547
69549
69553
69555
69557
69559
69561
69563
69569
69571
69573
69575
69565
69567
69699
69701
69705
69707
69709
69711
69713
69715
69717
69719
69721
69723
69725
69727
69729
69751
69753
69703
69803
69805
69807
69809
69811
69813
69815
69817
69819
69821
69823
69825
69827
69829
69903
69905
69907
69909
69911
69913
69915
69917
69919
69921
69923
69925
69927
69853
69855
69857
69859
69861
69863
69865
69867
69869
69871
69873
69875
69877
69929
69931
69933
69935
69937
69939
69941
69943
69945
69947
69949
69951
69953
70027
70029
70031
70033
70035
70037
70039
70041
70043
70045
70047
70049
70051
70127
70129
70131
70133
70135
70137
70139
70141
70143
70145
70147
70149
70151
70153
70155
70157
70159
70161
70163
70165
70167
70169
70171
70173
70175
70223
70225
70227
70229
70231
70233
70235
70237
70239
70241
70243
70245
70247
70249
70101
70103
70105
70107
70109
70111
70113
70115
70117
70119
70121
70123
70125
70299
70301
70303
70305
70307
70309
70311
70313
70315
70317
70319
70321
70323
70375
70707
70709
70711
70713
70717
70747
70749
70751
70715
70719
70721
70723
70725
70767
70769
70771
70773
70775
70777
70779
70781
70783
70785
70787
70789
70791
70955
70961
70963
70965
70977
70979
70981
70967
70969
70997
70999
71001
71003
71005
71007
71009
71011
71013
71015
71017
71019
71021
70971
70973
70975
71095
71097
71099
71101
71103
71105
71107
71109
71111
71113
71115
71117
71119
71121
71139
71135
71137
71141
71165
71167
71169
71171
71173
71175
71177
71179
71181
71205
71201
71203
71207
71209
71211
71213
71215
71217
71223
71225
71227
71229
71231
71233
71235
71237
71239
71241
71243
71245
71221
71219
71439
