0.00275993347168 0 0 0
0.0153939723969 0 0 0
0.0274579524994 0 0 0
0.0394790172577 0 0 0
0.0515279769897 0 0 0
0.063560962677 0 0 0
0.0757520198822 0 0 0
0.0881469249725 0 0 0
0.100827932358 0 0 0
0.113097906113 0 0 0
0.125196933746 0 0 0
0.137228012085 0 0 0
0.149531841278 0 0 0
0.161609888077 0 0 0
0.173779964447 0 0 0
0.186229944229 0 0 0
0.198345899582 0 0 0
0.210433006287 0 0 0
0.222994804382 0 0 0
0.23522901535 0 0 0
0.247737884521 0 0 0
0.260286808014 0 0 0
0.273269891739 0 0 0
0.28594994545 0 1 0
0.298767805099 0 1 0
0.311523914337 0 2 0
0.324539899826 0 2 0
0.337316989899 0 2 0
0.35017490387 0 2 0
0.36326789856 0 2 0
0.376900911331 0 2 0
0.389684915543 0 2 0
0.402355909348 0 2 0
0.415428876877 0 2 0
0.428431987762 0 2 0
0.44148683548 0 2 0
0.454186916351 0 2 0
0.467073917389 0 2 0
0.479665994644 0 2 0
0.493176937103 0 2 0
0.506440877914 0 2 0
0.519390821457 0 2 0
0.532416820526 0 2 0
0.545446872711 0 2 0
0.558642864227 0 2 0
0.571847915649 0 2 0
0.584830999374 0 2 0
0.597584962845 0 2 0
0.610234022141 0 2 0
0.622778892517 0 2 0
0.635187864304 0 2 0
0.647598028183 0 2 0
0.660765886307 0 2 0
0.674082994461 0 2 0
0.687283992767 0 2 0
0.699684858322 0 2 0
0.711925029755 0 2 0
0.72397685051 0 2 0
0.736087799072 0 2 0
0.748102903366 0 2 0
0.760311841965 0 2 0
0.772462844849 0 2 0
0.784551858902 0 2 0
0.796475887299 0 2 0
0.808507919312 0 2 0
0.820490837097 0 2 0
0.83250784874 0 2 0
0.844483852386 0 2 0
0.856429815292 0 2 0
0.86868596077 0 2 0
0.880818843842 0 2 0
0.892831802368 0 2 0
0.904853820801 0 2 0
0.91684794426 0 2 0
0.928891897202 0 2 0
0.940982818604 0 2 0
0.953063011169 0 2 0
0.965125799179 0 2 0
0.977237939835 0 2 0
0.989271879196 0 2 0
1.0013628006 0 2 0
1.01336979866 0 2 0
1.02545595169 0 2 0
1.0375058651 0 2 0
1.04958295822 0 2 0
1.06163787842 0 2 0
1.07371497154 0 2 0
1.08577179909 0 2 0
1.09785294533 0 2 0
1.11011099815 0 2 0
1.12252283096 0 2 0
1.13481092453 0 2 0
1.14710783958 0 2 0
1.15940880775 0 2 0
1.17223787308 0 2 0
1.18486499786 0 2 0
1.19773697853 0 2 0
1.21022081375 0 2 0
1.22232699394 0 2 0
1.23452091217 0 2 0
1.24761986732 0 2 0
1.26018691063 0 2 0
1.27256202698 0 2 0
1.28547883034 0 4 0
1.29836297035 0 4 0
1.31130981445 0 4 0
1.32413887978 0 4 0
1.3371348381 0 4 0
1.34968185425 0 4 0
1.36220502853 0 4 0
1.37446784973 0 4 0
1.38681101799 0 4 0
1.39915585518 0 4 0
1.41153383255 0 4 0
1.4246339798 0 4 0
1.4375 0 4 0
1.4502518177 0 4 0
1.46255302429 0 4 0
1.47491502762 0 4 0
1.48714399338 0 4 0
1.50000500679 0 4 0
1.51284193993 0 4 0
1.52550983429 0 4 0
1.53792190552 0 4 0
1.5507838726 0 4 0
1.56332302094 0 4 0
1.57529783249 0 4 0
1.58723688126 0 4 0
1.59918999672 0 4 0
1.611109972 0 4 0
1.62317681313 0 4 0
1.63592982292 0 4 0
1.64837002754 0 4 0
1.66061997414 0 4 0
1.67307281494 0 4 0
1.68531489372 0 4 0
1.69806885719 0 4 0
1.71145200729 0 4 0
1.7250919342 0 4 0
1.73838281631 0 4 0
1.75182294846 0 4 0
1.76547980309 0 4 0
1.77864980698 0 4 0
1.79171681404 1 4 0
1.80515480042 0 5 0
1.81785297394 0 5 0
1.83053898811 0 5 0
1.84379196167 0 5 0
1.85701990128 0 5 0
1.86982297897 0 5 0
1.88248085976 0 5 0
1.89659690857 0 5 0
1.91050982475 0 5 0
1.92401981354 0 5 0
1.93734192848 0 5 0
1.95077896118 0 5 0
1.9641149044 0 5 0
1.97743487358 0 5 0
1.99083185196 0 5 0
2.00410985947 0 5 0
2.01740980148 0 5 0
2.03089594841 0 5 0
2.04419589043 0 5 0
2.05753588676 0 5 0
2.07111287117 0 5 0
2.08451485634 0 5 0
2.0980629921 0 5 0
2.11172294617 0 5 0
2.12515902519 0 5 0
2.13807582855 0 5 0
2.1509168148 0 5 0
2.16361379623 0 5 0
2.17647099495 0 5 0
2.18945193291 0 5 0
2.20301198959 0 5 0
2.21616983414 0 5 0
2.22942686081 0 5 0
2.24268889427 0 5 0
2.25591802597 0 5 0
2.26911592484 0 5 0
2.28246688843 0 5 0
2.29659986496 0 5 0
2.31046295166 0 5 0
2.3239428997 0 5 0
2.3374838829 0 5 0
2.35058879852 0 5 0
2.36333680153 0 5 0
2.37606191635 0 5 0
2.38873291016 0 5 0
2.40220880508 0 5 0
2.41572785378 0 5 0
2.42879796028 0 5 0
2.44179487228 0 5 0
2.45485186577 0 5 0
2.4679620266 0 5 0
2.48081302643 0 5 0
2.49411892891 0 5 0
2.50745391846 0 5 0
2.52073597908 0 5 0
2.53388881683 0 5 0
2.54716587067 0 5 0
2.56013584137 0 5 0
2.57308697701 0 5 0
2.58604884148 0 5 0
2.59925794601 0 5 0
2.61247897148 0 5 0
2.62551283836 0 5 0
2.63858389854 0 5 0
2.6518008709 0 5 0
2.66483592987 0 5 0
2.67790794373 0 5 0
2.69086885452 0 5 0
2.70379400253 0 5 0
2.71654200554 0 5 0
2.72930288315 0 5 0
2.74251079559 0 5 0
2.75542593002 0 5 0
2.76829099655 0 5 0
2.78125095367 0 5 0
2.79402089119 0 5 0
2.8063378334 0 5 0
2.81949687004 0 5 0
2.8327858448 0 5 0
2.84567093849 0 5 0
2.85890197754 0 5 0
2.87186789513 0 5 0
2.88510680199 0 5 0
2.89803886414 0 5 0
2.91102981567 0 5 0
2.9242348671 0 5 0
2.93727397919 0 5 0
2.95000982285 0 5 0
2.96272301674 0 5 0
2.97579693794 0 5 0
2.98883795738 0 5 0
3.00160980225 0 5 0
3.0141749382 0 5 0
3.02668094635 0 5 0
3.03972482681 0 5 0
3.05247402191 0 5 0
3.06498479843 0 5 0
3.0776078701 0 5 0
3.09115386009 0 5 0
3.10428094864 0 5 0
3.11685085297 0 5 0
3.12926197052 0 5 0
3.14135980606 0 5 0
3.15398192406 0 5 0
3.1665058136 0 5 0
3.17902302742 0 5 0
3.19112086296 0 5 0
3.20326781273 0 5 0
3.21579194069 0 5 0
3.22787499428 0 5 0
3.23987388611 0 5 0
3.25189399719 0 5 0
3.26471781731 0 5 0
3.27716088295 0 5 0
3.29011893272 0 5 0
3.30296301842 0 5 0
3.31653094292 0 5 0
3.32955980301 0 5 0
3.34185695648 0 5 0
3.35419797897 0 5 0
3.36653399467 0 5 0
3.37888979912 0 5 0
3.39087295532 0 5 0
3.40280795097 0 5 0
3.41521382332 0 5 0
3.42712283134 0 5 0
3.43910193443 0 5 0
3.45103883743 0 5 0
3.46297502518 0 5 0
3.47490382195 0 5 0
3.48680090904 0 5 0
3.49872684479 0 5 0
3.51167798042 0 5 0
3.523624897 0 5 0
3.53557491302 0 5 0
3.54750180244 0 5 0
3.55943894386 0 5 0
3.57136201859 0 5 0
3.58335590363 0 5 0
3.59529590607 0 5 0
3.60803484917 0 5 0
3.6205329895 0 5 0
3.63245487213 0 5 0
3.64495301247 0 5 0
3.657807827 0 5 0
3.67020893097 0 5 0
3.68276596069 0 5 0
3.69531297684 0 5 0
3.70782780647 0 5 0
3.72035598755 0 5 0
3.73288798332 0 5 0
3.74538493156 0 5 0
3.75736188889 0 5 0
3.76929283142 0 5 0
3.78126001358 0 5 0
3.79495596886 0 5 0
3.80846095085 0 5 0
3.82091784477 0 5 0
3.83339500427 0 5 0
3.84681200981 0 5 0
3.86064291 0 5 0
3.87371087074 0 5 0
3.8878428936 0 5 0
3.90110588074 0 5 0
3.9146668911 0 5 0
3.92866802216 0 5 0
3.94258093834 0 5 0
3.9562728405 0 5 0
3.96993780136 0 5 0
3.98344993591 0 5 0
3.9970369339 0 5 0
4.01044392586 0 5 0
4.02343797684 0 5 0
4.03690481186 0 5 0
4.05018186569 0 5 0
4.06338095665 0 5 0
4.07689380646 0 5 0
4.09010386467 0 5 0
4.10330700874 0 5 0
4.11698579788 0 5 0
4.1308259964 0 5 0
4.14414787292 0 5 0
4.15764188766 0 5 0
4.17101693153 0 5 0
4.18444895744 0 5 0
4.1978058815 0 5 0
4.21103286743 0 5 0
4.22419595718 0 5 0
4.23739600182 0 5 0
4.25056481361 0 5 0
4.26375389099 0 5 0
4.27694487572 0 5 0
4.29016399384 0 5 0
4.30340600014 0 5 0
4.31659793854 0 5 0
4.32966089249 0 5 0
4.3427169323 0 5 0
4.35583281517 0 5 0
4.36880993843 0 5 0
4.38185381889 0 5 0
4.39499187469 0 5 0
4.40954184532 0 5 0
4.42255401611 0 5 0
4.43547797203 0 5 0
4.44850087166 0 5 0
4.46136593819 0 5 0
4.47418093681 0 5 0
4.48702192307 0 5 0
4.49993801117 0 5 0
4.51270198822 0 5 0
4.5255188942 0 5 0
4.53839993477 0 5 0
4.55171298981 0 5 0
4.56476688385 0 5 0
4.57761883736 0 5 0
4.5902838707 0 5 0
4.6033539772 0 5 0
4.61635494232 0 5 0
4.62913990021 0 5 0
4.64204382896 0 5 0
4.65510392189 0 5 0
4.66777992249 0 5 0
4.68031382561 0 5 0
4.69313883781 0 5 0
4.7060778141 0 5 0
4.7187538147 0 5 0
4.73153686523 0 5 0
4.74420595169 0 5 0
4.75689697266 0 5 0
4.77001285553 0 5 0
4.78309583664 0 5 0
4.79715895653 0 5 0
4.81008195877 0 5 0
4.82377099991 0 5 0
4.83679485321 0 5 0
4.8498339653 0 5 0
4.86312890053 0 5 0
4.87616586685 0 5 0
4.88916397095 0 5 0
4.90220785141 0 5 0
4.91540002823 0 5 0
4.92825484276 0 5 0
4.94115185738 0 5 0
4.9543068409 0 5 0
4.96773195267 0 5 0
4.98123788834 0 5 0
4.99482083321 0 5 0
5.00811982155 0 5 0
5.02125883102 0 5 0
5.03411102295 0 5 0
5.04679894447 0 5 0
5.05975699425 0 5 0
5.07337880135 0 5 0
5.08707284927 0 5 0
5.10019993782 0 5 0
5.11317491531 0 5 0
5.12630796432 0 5 0
5.13936591148 0 5 0
5.15256500244 0 5 0
5.16593694687 0 5 0
5.17991399765 0 5 0
5.19273400307 0 5 0
5.2056210041 0 5 0
5.21867895126 0 5 0
5.23129582405 0 5 0
5.2439968586 0 5 0
5.25671100616 0 5 0
5.26959085464 0 5 0
5.28232884407 1 5 0
5.2944188118 0 6 0
5.3065328598 0 6 0
5.31862187386 0 6 0
5.33076882362 0 6 0
5.3428838253 0 6 0
5.35500884056 0 6 0
5.36771202087 0 6 0
5.37981796265 0 6 0
5.39199590683 0 6 0
5.40419697762 0 6 0
5.41635680199 0 6 0
5.42847585678 0 6 0
5.44063091278 0 6 0
5.45268797874 0 6 0
5.46475601196 0 6 0
5.47745800018 0 6 0
5.48952698708 0 6 0
5.5016169548 0 6 0
5.51376581192 0 6 0
5.52581501007 0 6 0
5.53787684441 0 6 0
5.54984784126 0 6 0
5.56189393997 0 6 0
5.57383799553 0 6 0
5.58587288857 0 6 0
5.59782791138 0 6 0
5.60979986191 0 6 0
5.6218149662 0 6 0
5.63439583778 0 6 0
5.64640188217 0 6 0
5.65844583511 0 6 0
5.67054986954 0 6 0
5.6826198101 0 6 0
5.6948568821 0 6 0
5.70696783066 0 6 0
5.71961188316 0 6 0
5.73201179504 0 6 0
5.74415683746 0 6 0
5.75632286072 0 6 0
5.76843690872 0 6 0
5.78051400185 0 6 0
5.79268693924 0 6 0
5.80488085747 0 6 0
5.81697487831 0 6 0
5.82911682129 0 6 0
5.84122300148 0 6 0
5.85384488106 0 6 0
5.8662519455 0 6 0
5.87845492363 0 6 0
5.89059591293 0 6 0
5.90281701088 0 6 0
5.91513800621 0 6 0
5.92744398117 0 6 0
5.9398329258 0 6 0
5.95212602615 0 6 0
5.96441602707 0 6 0
5.9766960144 0 6 0
5.98911690712 0 6 0
6.001308918 0 6 0
6.01355600357 0 6 0
6.02570581436 0 6 0
6.03783082962 0 6 0
6.0506207943 0 6 0
6.06269598007 0 6 0
6.07479095459 0 6 0
6.08710479736 0 6 0
6.09901785851 0 6 0
6.11103200912 0 6 0
6.12302494049 0 6 0
6.13505601883 0 6 0
6.14702582359 0 6 0
6.15889692307 0 6 0
6.17100000381 0 6 0
6.18297290802 0 6 0
6.19504785538 0 6 0
6.20815992355 0 6 0
6.22055697441 0 6 0
6.23272800446 0 6 0
6.24504590034 0 6 0
6.25745582581 0 6 0
6.2697520256 0 6 0
6.28205084801 0 6 0
6.29441285133 0 6 0
6.30660295486 0 6 0
6.31864285469 0 6 0
6.33080601692 0 6 0
6.34345293045 0 6 0
6.35558891296 0 6 0
6.36766290665 0 6 0
6.3797249794 0 6 0
6.39343500137 0 6 0
6.40612101555 0 6 0
6.41815686226 0 6 0
6.43031287193 0 6 0
6.44241786003 0 6 0
6.45439887047 0 6 0
6.46636986732 0 6 0
6.47831702232 0 6 0
6.49025297165 0 6 0
6.50234293938 0 6 0
6.5143558979 0 6 0
6.52634501457 0 6 0
6.53840684891 0 6 0
6.55056285858 0 6 0
6.56274485588 0 6 0
6.57488489151 0 6 0
6.58705282211 0 6 0
6.59917902946 0 6 0
6.61127495766 0 6 0
6.62338995934 0 6 0
6.63547086716 0 6 0
6.64778399467 0 6 0
6.66022396088 0 6 0
6.67243289948 0 6 0
6.68436288834 0 6 0
6.69641494751 0 6 0
6.70843791962 0 6 0
6.72047281265 0 6 0
6.73246502876 0 6 0
6.74458289146 0 6 0
6.75662899017 0 6 0
6.76882195473 0 6 0
6.78090882301 0 6 0
6.79295396805 0 6 0
6.80507588387 0 6 0
6.81715297699 0 6 0
6.82923793793 0 6 0
6.84124898911 0 6 0
6.8533987999 0 6 0
6.86556100845 0 6 0
6.87753200531 0 6 0
6.88994503021 0 6 0
6.90179395676 0 6 0
6.91373300552 0 6 0
6.92571282387 0 6 0
6.93770098686 0 6 0
6.9496588707 0 6 0
6.96166086197 0 6 0
6.97360396385 0 6 0
6.98561787605 0 6 0
6.997579813 0 6 0
7.00960183144 0 6 0
7.02161502838 0 6 0
7.03353190422 0 6 0
7.04553890228 0 6 0
7.0575158596 0 6 0
7.06942486763 0 6 0
7.08141183853 0 6 0
7.09336686134 0 6 0
7.10524487495 0 6 0
7.11718797684 0 6 0
7.12920689583 0 6 0
7.14117980003 0 6 0
7.15314888954 0 6 0
7.16510891914 0 6 0
7.17707896233 0 6 0
7.18905591965 0 6 0
7.20103096962 0 6 0
7.21297097206 0 6 0
7.22498083115 0 6 0
7.23697185516 0 6 0
7.2489759922 0 6 0
7.26097297668 0 6 0
7.27295589447 0 6 0
7.28494000435 0 6 0
7.29692983627 0 6 0
7.30889892578 0 6 0
7.32084083557 0 6 0
7.33277201653 0 6 0
7.3447599411 0 6 0
7.35668897629 0 6 0
7.36861491203 0 6 0
7.38060593605 0 6 0
7.39252281189 0 6 0
7.40436196327 0 6 0
7.41630101204 0 6 0
7.42822790146 0 6 0
7.44020295143 0 6 0
7.45211982727 0 6 0
7.46403479576 0 6 0
7.47594094276 0 6 0
7.48790097237 0 6 0
7.49986290932 0 6 0
7.51182484627 0 6 0
7.52378797531 0 6 0
7.5357439518 0 6 0
7.54761600494 0 6 0
7.55970692635 0 6 0
7.57158398628 0 6 0
7.58344984055 0 6 0
7.59530687332 0 6 0
7.60718584061 0 6 0
7.6190598011 0 6 0
7.63092780113 0 6 0
7.64274287224 0 6 0
7.65462779999 0 6 0
7.6665148735 0 6 0
7.67839884758 0 6 0
7.69023799896 0 6 0
7.70211100578 0 6 0
7.71404480934 0 6 0
7.72600388527 0 6 0
7.7379488945 0 6 0
7.74987101555 0 6 0
7.76178097725 0 6 0
7.77367687225 0 6 0
7.78560686111 0 6 0
7.79751491547 0 6 0
7.80941200256 0 6 0
7.82130002975 0 6 0
7.83318400383 0 6 0
7.8451089859 0 6 0
7.85698890686 0 6 0
7.86890602112 0 6 0
7.8808119297 0 6 0
7.89274287224 0 6 0
7.90455985069 0 6 0
7.91644501686 0 6 0
7.92830896378 0 6 0
7.9402179718 0 6 0
7.95219993591 0 6 0
7.96470785141 0 6 0
7.9770219326 0 6 0
7.98922681808 0 6 0
8.00138902664 0 6 0
8.01355195045 0 6 0
8.02562689781 0 6 0
8.0377779007 0 6 0
8.04982495308 0 6 0
8.0619199276 0 6 0
8.07417082787 0 6 0
8.08643293381 0 6 0
8.09847688675 0 6 0
8.11036896706 0 6 0
8.12231397629 0 6 0
8.1342549324 0 6 0
8.14618492126 0 6 0
8.15813302994 0 6 0
8.17011499405 0 6 0
8.18201994896 0 6 0
8.19383692741 0 6 0
8.20571184158 0 6 0
8.21760082245 0 6 0
8.22959899902 0 6 0
8.24147582054 0 6 0
8.25336885452 0 6 0
8.26531386375 0 6 0
8.27718997002 0 6 0
8.28909993172 0 6 0
8.3010969162 0 6 0
8.31298589706 0 6 0
8.32489299774 0 6 0
8.33683681488 0 6 0
8.3488008976 0 6 0
8.36074900627 0 6 0
8.37271690369 0 6 0
8.3846719265 0 6 0
8.39663887024 0 6 0
8.40884184837 0 6 0
8.4210999012 0 6 0
8.43314695358 0 6 0
8.44519400597 0 6 0
8.45727992058 0 6 0
8.46951699257 0 6 0
8.48161697388 0 6 0
8.49375486374 0 6 0
8.50583195686 0 6 0
8.51789188385 0 6 0
8.52997303009 0 6 0
8.54204487801 0 6 0
8.55421090126 0 6 0
8.56641483307 0 6 0
8.5785009861 0 6 0
8.59071493149 0 6 0
8.60285282135 0 6 0
8.61487793922 0 6 0
8.62691497803 0 6 0
8.63888192177 0 6 0
8.65085601807 0 6 0
8.66287398338 0 6 0
8.67488098145 0 6 0
8.68687701225 0 6 0
8.69880700111 0 6 0
8.71078896523 0 6 0
8.7227628231 0 6 0
8.73474097252 0 6 0
8.7467148304 0 6 0
8.75868487358 0 6 0
8.7705848217 0 6 0
8.78251600266 0 6 0
8.79440283775 0 6 0
8.80634880066 0 6 0
8.81834101677 0 6 0
8.83023500443 0 6 0
8.84216880798 0 6 0
8.85407781601 0 6 0
8.86591291428 0 6 0
8.87778902054 0 6 0
8.88978695869 0 6 0
8.90178799629 0 6 0
8.91380095482 0 6 0
8.92580890656 0 6 0
8.93780183792 0 6 0
8.94977784157 0 6 0
8.96175789833 0 6 0
8.97375297546 0 6 0
8.98576998711 0 6 0
8.99777293205 0 6 0
9.00976991653 0 6 0
9.02185297012 0 6 0
9.0341899395 0 6 0
9.04630589485 0 6 0
9.05850601196 0 6 0
9.07106494904 0 6 0
9.08322286606 0 6 0
9.09540200233 1 6 0
9.1076939106 0 8 0
9.12043190002 0 8 0
9.13292479515 0 8 0
9.14539790154 0 8 0
9.15781784058 0 8 0
9.17073893547 0 8 0
9.18299388885 0 8 0
9.19521784782 0 8 0
9.20764493942 0 8 0
9.21999502182 0 8 0
9.23254179955 0 8 0
9.24530887604 0 8 0
9.25780892372 0 8 0
9.27025699615 0 8 0
9.28261399269 0 8 0
9.29598689079 0 9 0
9.30849790573 0 9 0
9.32120394707 0 9 0
9.33377885818 0 9 0
9.34633493423 0 9 0
9.35887885094 0 9 0
9.37130284309 0 9 0
9.38370680809 0 9 0
9.39723801613 0 9 0
9.41119790077 0 9 0
9.42403292656 0 9 0
9.43708992004 0 9 0
9.45001292229 0 9 0
9.46311903 0 9 0
9.47611784935 0 9 0
9.48906779289 0 9 0
9.50330781937 0 9 0
9.51723384857 0 9 0
9.53110384941 0 9 0
9.54501795769 0 9 0
9.55847382545 0 9 0
9.57193589211 0 9 0
9.58586096764 0 9 0
9.59976601601 0 9 0
9.61354899406 0 9 0
9.62716579437 0 9 0
9.64045596123 0 9 0
9.65376496315 0 9 0
9.66696500778 0 9 0
9.68031191826 0 9 0
9.69394302368 0 9 0
9.70696687698 0 9 0
9.72047400475 0 9 0
9.73439884186 0 9 0
9.74841380119 0 9 0
9.76233482361 0 9 0
9.77621889114 0 9 0
9.79011082649 0 9 0
9.80356693268 0 9 0
9.81696200371 0 9 0
9.83016085625 0 9 0
9.84328579903 0 9 0
9.85729598999 0 9 0
9.87120079994 0 9 0
9.88554000854 0 9 0
9.89962792397 0 9 0
9.91377997398 0 9 0
9.92773079872 0 9 0
9.94176888466 0 9 0
9.95579600334 0 9 0
9.96976780891 0 9 0
9.98296284676 0 9 0
9.99643301964 0 9 0
10.0097949505 0 9 0
10.0229840279 0 9 0
10.0366129875 0 9 0
10.0497868061 0 9 0
10.0636048317 0 9 0
10.0771718025 0 9 0
10.0914158821 0 9 0
10.1056499481 0 9 0
10.1197898388 0 9 0
10.1338188648 0 9 0
10.1476278305 0 9 0
10.1615629196 0 9 0
10.1753308773 0 9 0
10.1890659332 0 9 0
10.2027709484 0 9 0
10.2163558006 0 9 0
10.2297649384 0 9 0
10.2432370186 0 9 0
10.2566850185 0 9 0
10.2701249123 0 9 0
10.2833650112 0 9 0
10.2966239452 0 9 0
10.3098897934 0 9 0
10.3232519627 0 9 0
10.3362460136 0 9 0
10.349686861 0 9 0
10.3630228043 0 9 0
10.376292944 0 9 0
10.3897018433 0 9 0
10.4030888081 0 9 0
10.4163739681 0 9 0
10.4297099113 0 9 0
10.4429688454 0 9 0
10.456166029 0 9 0
10.4695029259 0 9 0
10.4827809334 0 9 0
10.4960448742 0 9 0
10.5092899799 0 9 0
10.5225269794 0 9 0
10.5358138084 0 9 0
10.5490767956 0 9 0
10.5623538494 0 9 0
10.5759329796 0 9 0
10.5892379284 0 9 0
10.6026308537 0 9 0
10.6160149574 0 9 0
10.6292738914 0 9 0
10.6425619125 0 9 0
10.6557559967 0 9 0
10.6688728333 0 9 0
10.6816809177 0 9 0
10.6950190067 0 9 0
10.7081618309 0 9 0
10.7213368416 0 9 0
10.7345409393 0 9 0
10.7478158474 0 9 0
10.760931015 0 9 0
10.7740578651 0 9 0
10.7871398926 0 9 0
10.8000469208 0 9 0
10.8132379055 0 9 0
10.8264448643 0 9 0
10.8403038979 0 9 0
10.8536798954 0 9 0
10.8669137955 0 9 0
10.8800668716 0 9 0
10.8932478428 0 9 0
10.9066460133 0 9 0
10.9199337959 0 9 0
10.9331347942 0 9 0
10.9461297989 0 9 0
10.9597699642 0 9 0
10.9733169079 0 9 0
10.9862558842 0 9 0
10.9989600182 0 9 0
11.0116097927 0 9 0
11.0257809162 0 9 0
11.0398168564 0 9 0
11.0528168678 0 9 0
11.0660409927 0 9 0
11.07929492 0 9 0
11.0924339294 0 9 0
11.1058130264 0 9 0
11.1190128326 0 9 0
11.131896019 0 9 0
11.144630909 0 9 0
11.1572909355 0 9 0
11.1700689793 0 9 0
11.1827309132 0 9 0
11.1965458393 0 9 0
11.2103598118 0 9 0
11.2241799831 0 9 0
11.2375078201 0 9 0
11.2509748936 0 9 0
11.2642748356 0 9 0
11.2777099609 0 9 0
11.2911689281 0 9 0
11.3046360016 0 9 0
11.3181049824 0 9 0
11.3318738937 0 9 0
11.3453559875 0 9 0
11.3587648869 0 9 0
11.3720610142 0 9 0
11.3850598335 0 9 0
11.3977298737 0 9 0
11.4103419781 0 9 0
11.4238629341 0 9 0
11.4371268749 0 9 0
11.4511799812 0 9 0
11.4649209976 0 9 0
11.4782378674 0 9 0
11.4918417931 0 9 0
11.5043048859 0 9 0
11.5170509815 0 9 0
11.5298948288 0 9 0
11.5426399708 0 9 0
11.5553338528 0 9 0
11.5678598881 0 9 0
11.5803718567 0 9 0
11.5939388275 0 9 0
11.6061229706 0 9 0
11.6191658974 0 9 0
11.6333827972 0 9 0
11.6459889412 0 9 0
11.6581718922 0 9 0
11.6708250046 0 9 0
11.6841318607 0 9 0
11.6967959404 0 9 0
11.7093789577 0 9 0
11.7219238281 0 9 0
11.7345199585 0 9 0
11.7469718456 0 9 0
11.7594249249 0 9 0
11.7717368603 0 9 0
11.7842929363 0 9 0
11.7967920303 0 9 0
11.8093810081 0 9 0
11.8218479156 0 9 0
11.8343060017 0 9 0
11.8466928005 0 9 0
11.8590898514 0 9 0
11.871201992 0 9 0
11.8833940029 0 9 0
11.8963057995 0 9 0
11.9088568687 0 9 0
11.921984911 0 9 0
11.934388876 0 9 0
11.9470009804 0 9 0
11.9602680206 0 9 0
11.972630024 0 9 0
11.9845879078 0 9 0
11.9965798855 0 9 0
12.0085268021 0 9 0
12.0204839706 0 9 0
12.0324039459 0 9 0
12.0443949699 0 9 0
12.0563709736 0 9 0
12.0691459179 0 9 0
12.0815968513 0 9 0
12.0935609341 0 9 0
12.1055028439 0 9 0
12.1174829006 0 9 0
12.1294260025 0 9 0
12.1413769722 0 9 0
12.1541488171 0 9 0
12.1669869423 0 9 0
12.1796958447 0 9 0
12.1922299862 0 9 0
12.2051320076 0 9 0
12.2176508904 0 9 0
12.2300879955 0 9 0
12.2426400185 0 9 0
12.2550318241 0 9 0
12.2674369812 0 9 0
12.2797889709 0 9 0
12.2921578884 0 9 0
12.3045179844 0 9 0
12.3168740273 0 9 0
12.3292119503 0 9 0
12.3415839672 0 9 0
12.3538899422 0 9 0
12.3662538528 0 9 0
12.3786067963 0 9 0
12.3910279274 0 9 0
12.4033238888 0 9 0
12.416684866 0 9 0
12.4299168587 0 9 0
12.4433720112 0 9 0
12.4565269947 0 9 0
12.4696178436 0 9 0
12.4830858707 0 9 0
12.4954798222 0 9 0
12.5083229542 0 9 0
12.5209507942 0 9 0
12.5334568024 0 9 0
12.546038866 0 9 0
12.558962822 0 9 0
12.5717749596 0 9 0
12.5848448277 0 9 0
12.5980119705 0 9 0
12.6107449532 0 9 0
12.6232337952 0 9 0
12.6356539726 0 9 0
12.6483609676 0 9 0
12.6608998775 0 9 0
12.6736619473 0 9 0
12.6865038872 0 9 0
12.6991147995 0 9 0
12.71179986 0 9 0
12.7244279385 0 9 0
12.7369029522 0 9 0
12.7498319149 0 9 0
12.7624030113 0 9 0
12.7756359577 0 9 0
12.7886497974 0 9 0
12.8012030125 0 9 0
12.8137688637 0 9 0
12.8264758587 0 9 0
12.838917017 0 9 0
12.8527619839 0 9 0
12.8662979603 0 9 0
12.8796288967 0 9 0
12.8931419849 0 9 0
12.9062728882 0 9 0
12.9193358421 0 9 0
12.9327609539 0 9 0
12.9455368519 0 9 0
12.9581818581 0 9 0
12.9706509113 0 9 0
12.9830629826 0 9 0
12.9963719845 0 9 0
13.0090808868 0 9 0
13.022192955 0 9 0
13.0360598564 0 9 0
13.0500628948 0 9 0
13.0636968613 0 9 0
13.0773899555 0 9 0
13.0907227993 0 9 0
13.1044418812 0 9 0
13.117841959 0 9 0
13.1305258274 0 9 0
13.1430838108 0 9 0
13.1555218697 0 9 0
13.1679708958 0 9 0
13.1802408695 0 9 0
13.192294836 0 9 0
13.2044019699 0 9 0
13.2172138691 0 9 0
13.2298169136 0 9 0
13.2417898178 0 9 0
13.2536978722 0 9 0
13.2656259537 0 9 0
13.277545929 0 9 0
13.2894728184 0 9 0
13.3013849258 0 9 0
13.3139898777 0 9 0
13.3265199661 0 9 0
13.3385808468 0 9 0
13.3505439758 0 9 0
13.362473011 0 9 0
13.3744029999 0 9 0
13.3873829842 0 9 0
13.3998429775 0 9 0
13.4125869274 0 9 0
13.4252707958 0 9 0
13.4380018711 0 9 0
13.4506878853 0 9 0
13.4637818336 0 9 0
13.4765748978 0 9 0
13.4894089699 0 9 0
13.5023880005 0 9 0
13.5150468349 0 9 0
13.5277099609 0 9 0
13.5401849747 0 9 0
13.5525898933 0 9 0
13.5649859905 0 9 0
13.5775718689 0 9 0
13.5898308754 0 9 0
13.6019308567 0 9 0
13.6142950058 0 9 0
13.6269860268 0 9 0
13.6397638321 0 9 0
13.6525759697 0 9 0
13.6654019356 0 9 0
13.6788778305 0 9 0
13.6918869019 0 9 0
13.7055540085 0 9 0
13.7179069519 0 9 0
13.7299628258 0 9 0
13.7431869507 0 9 0
13.7556869984 0 9 0
13.7693018913 0 9 0
13.7830150127 0 9 0
13.7961399555 0 9 0
13.809417963 0 9 0
13.822508812 0 9 0
13.8362560272 0 9 0
13.8497200012 0 9 0
13.8628838062 0 9 0
13.8758969307 0 9 0
13.8891088963 0 9 0
13.9019010067 0 9 0
13.9144499302 0 9 0
13.9268298149 0 9 0
13.9401278496 0 9 0
13.9541118145 0 9 0
13.9676039219 0 9 0
13.9813139439 0 9 0
13.9950578213 0 9 0
14.0088260174 0 9 0
14.0226798058 0 9 0
14.0362069607 0 9 0
14.0498218536 0 9 0
14.0632278919 0 9 0
14.0770478249 0 9 0
14.0904998779 0 9 0
14.1044478416 0 9 0
14.1179339886 0 10 0
14.131125927 0 10 0
14.1440160275 0 10 0
14.1565937996 0 10 0
14.1695139408 0 10 0
14.1823239326 0 10 0
14.1950638294 0 10 0
14.2072608471 0 10 0
14.2194149494 0 10 0
14.2314078808 0 10 0
14.2433710098 0 10 0
14.2562549114 0 10 0
14.2682108879 0 10 0
14.2815508842 0 10 0
14.2953360081 0 10 0
14.3089258671 0 10 0
14.3224029541 0 10 0
14.3357408047 0 10 0
14.3489530087 0 10 0
14.3622629642 0 10 0
14.3757958412 0 10 0
14.3889608383 0 10 0
14.4025850296 0 10 0
14.4160609245 0 10 0
14.4294919968 0 10 0
14.4426388741 0 10 0
14.4557349682 0 10 0
14.4688429832 0 10 0
14.481995821 0 10 0
14.4952218533 0 10 0
14.5083019733 0 10 0
14.5216639042 0 10 0
14.5339758396 0 10 0
14.5468688011 0 10 0
14.5595679283 0 10 0
14.5721888542 0 10 0
14.5857269764 0 10 0
14.5988299847 0 10 0
14.6121189594 0 10 0
14.6252069473 0 10 0
14.6382389069 0 10 0
14.6506369114 0 10 0
14.6638109684 0 10 0
14.6771090031 0 10 0
14.6904528141 0 10 0
14.7040100098 0 10 0
14.7179348469 0 10 0
14.7315869331 0 10 0
14.7455508709 0 10 0
14.7611429691 0 10 0
14.7760949135 0 10 0
14.7892768383 0 10 0
14.8023178577 0 10 0
14.8151888847 0 10 0
14.8283238411 0 10 0
14.8413109779 0 10 0
14.8539428711 0 10 0
14.8677937984 0 10 0
14.8806169033 0 10 0
14.8952069283 0 10 0
14.908851862 0 10 0
14.9221258163 0 10 0
14.9354698658 0 10 0
14.9489808083 0 10 0
14.9624788761 0 10 0
14.976323843 0 10 0
14.9913098812 0 10 0
15.0046708584 0 10 0
15.0182518959 0 10 0
15.0320668221 0 10 0
15.0455358028 0 10 0
15.0590119362 0 10 0
15.072275877 0 10 0
15.0859768391 0 10 0
15.0997948647 0 10 0
15.1131668091 0 10 0
15.1265029907 0 10 0
15.139564991 0 10 0
15.1520957947 0 10 0
15.1650528908 0 10 0
15.1784498692 0 10 0
15.1914949417 0 10 0
15.204447031 0 10 0
15.2172198296 0 10 0
15.2300059795 0 10 0
15.2427608967 0 10 0
15.2554888725 0 10 0
15.2682209015 0 10 0
15.2809848785 0 10 0
15.2938978672 0 10 0
15.3066318035 0 10 0
15.3194010258 0 10 0
15.33218503 0 10 0
15.3448009491 0 10 0
15.3572838306 0 10 0
15.3696968555 0 10 0
15.3818500042 0 10 0
15.3941969872 0 10 0
15.4071009159 0 10 0
15.4201889038 0 10 0
15.4332640171 0 10 0
15.446338892 0 10 0
15.45981884 0 10 0
15.4733009338 0 10 0
15.4865369797 0 10 0
15.4997699261 0 10 0
15.5125257969 0 10 0
15.525167942 0 10 0
15.5377759933 0 10 0
15.5504419804 0 10 0
15.5639529228 0 10 0
15.5781259537 0 10 0
15.5918338299 0 10 0
15.6050980091 0 10 0
15.617554903 0 10 0
15.6312408447 0 10 0
15.6440649033 0 10 0
15.6571478844 0 10 0
15.6708610058 0 10 0
15.6837170124 0 10 0
15.6965270042 0 10 0
15.71062994 0 10 0
15.7240898609 0 10 0
15.7378818989 0 10 0
15.7520959377 0 10 0
15.7652549744 0 10 0
15.7789268494 0 10 0
15.792372942 0 10 0
15.8062298298 0 10 0
15.8199398518 0 10 0
15.8335008621 0 10 0
15.8470578194 0 10 0
15.860806942 0 10 0
15.8740198612 0 10 0
15.8876979351 0 10 0
15.9011249542 0 10 0
15.9141619205 0 10 0
15.9269969463 0 10 0
15.9404518604 0 10 0
15.9535138607 0 10 0
15.9669508934 0 10 0
15.9803228378 0 10 0
15.993945837 0 10 0
16.0075700283 0 10 0
16.0213479996 0 10 0
16.0341899395 0 10 0
16.047137022 0 10 0
16.0598919392 0 10 0
16.0727849007 0 10 0
