0.00253295898438 0 0
0.01478099823 0 0
0.0268249511719 0 0
0.0388650894165 0 0
0.0508930683136 0 0
0.0629091262817 0 0
0.0753381252289 0 0
0.0877680778503 0 0
0.100083112717 0 0
0.112859010696 0 0
0.125457048416 0 0
0.138190031052 0 0
0.150377035141 0 0
0.16261100769 0 0
0.174832105637 0 0
0.187324047089 0 0
0.19961810112 0 0
0.211917161942 0 0
0.224377155304 0 0
0.23727107048 0 0
0.24995303154 0 0
0.263081073761 0 0
0.275727033615 0 0
0.288676023483 1 0
0.301654100418 1 0
0.314702033997 1 0
0.32768702507 1 0
0.34078001976 1 0
0.353901147842 1 0
0.367187976837 1 0
0.379848957062 1 0
0.392699956894 1 0
0.405236005783 1 0
0.417997121811 1 0
0.430644989014 1 0
0.443338155746 1 0
0.456218004227 1 0
0.469153165817 1 0
0.481915950775 1 0
0.49529004097 1 0
0.508399009705 1 0
0.521229028702 1 0
0.534166097641 1 0
0.547696113586 1 0
0.560975074768 1 0
0.574303150177 1 0
0.587383031845 1 0
0.600463151932 1 0
0.613238096237 1 0
0.62632393837 1 0
0.639312028885 1 0
0.652517080307 1 0
0.666058063507 1 0
0.67901301384 1 0
0.692013978958 1 0
0.704048156738 1 0
0.716284990311 1 0
0.728475093842 1 0
0.740568161011 1 0
0.752761125565 1 0
0.76483297348 1 0
0.776986122131 1 0
0.789083957672 1 0
0.801268100739 1 0
0.81328701973 1 0
0.825428962708 1 0
0.83744597435 1 0
0.849504947662 1 0
0.861556053162 1 0
0.873700141907 1 0
0.885832071304 1 0
0.897864103317 1 0
0.909866094589 1 0
0.921849012375 1 0
0.933855056763 1 0
0.9458360672 1 0
0.957858085632 1 0
0.969835042953 3 0
0.981923103333 3 0
0.993921995163 3 0
1.00595498085 3 0
1.01797509193 3 0
1.02997398376 3 0
1.04195809364 3 0
1.05395698547 3 0
1.06594610214 3 0
1.07796216011 3 0
1.08995103836 3 0
1.10197997093 3 0
1.11419010162 3 0
1.12635302544 3 0
1.13850307465 3 0
1.15082597733 3 0
1.1632399559 3 0
1.17567205429 3 0
1.18799209595 3 0
1.20042800903 3 0
1.21275615692 3 0
1.22472405434 3 1
1.23746299744 3 1
1.25045800209 3 1
1.263256073 3 1
1.27572107315 3 1
1.28801393509 3 1
1.30049204826 3 1
1.3130569458 3 1
1.32550215721 3 1
1.33785200119 3 1
1.35028004646 3 1
1.36471605301 3 1
1.3780310154 3 1
1.39098215103 3 1
1.40427494049 3 1
1.41709804535 3 1
1.43001294136 3 1
1.44281005859 3 1
1.45551013947 3 1
1.46822714806 3 1
1.48096704483 3 1
1.49365115166 3 1
1.50628900528 3 1
1.51906013489 3 1
1.53169512749 3 1
1.54427814484 3 1
1.55680203438 3 1
1.56893801689 3 1
1.58087015152 3 1
1.59286499023 3 1
1.60485100746 3 1
1.61687898636 3 1
1.62894201279 3 1
1.64111995697 3 1
1.65372014046 3 1
1.66599011421 3 1
1.67823195457 3 1
1.6908249855 3 1
1.70356702805 3 1
1.71648597717 3 1
1.72895598412 3 1
1.74134016037 3 1
1.75381994247 3 1
1.76677107811 3 1
1.77938604355 3 1
1.79193496704 3 1
1.80463814735 3 1
1.81708598137 3 1
1.8308300972 3 1
1.84402799606 3 1
1.85709905624 3 1
1.86957097054 3 1
1.88208794594 3 1
1.89534711838 3 1
1.90838193893 3 1
1.9217851162 3 1
1.93515300751 3 1
1.94851016998 3 1
1.96176815033 3 1
1.97484111786 3 1
1.98823904991 3 1
2.00126600266 3 1
2.01549005508 3 1
2.02880811691 3 1
2.04207205772 3 1
2.05582404137 3 1
2.06919503212 3 1
2.08263111115 3 1
2.09602808952 3 1
2.10926413536 3 1
2.12243413925 3 1
2.13507914543 3 1
2.14847707748 3 1
2.1612970829 3 1
2.17392396927 3 1
2.18721699715 3 1
2.20039701462 3 1
2.21358299255 3 1
2.22690606117 3 1
2.24013900757 3 1
2.25333595276 3 1
2.26658701897 3 1
2.27974009514 3 1
2.2928249836 3 1
2.30608105659 3 1
2.32019495964 3 1
2.33354401588 3 1
2.3461959362 3 1
2.35891413689 3 1
2.37151312828 3 1
2.38430595398 3 1
2.39804506302 3 1
2.41121315956 3 1
2.42465209961 3 1
2.43838810921 3 1
2.45117902756 3 1
2.46421098709 3 1
2.47677707672 3 1
2.48988008499 3 1
2.50316405296 3 1
2.51663994789 3 1
2.52963614464 3 1
2.54342007637 3 1
2.55616998672 3 1
2.57031011581 3 1
2.58351111412 3 1
2.59681606293 3 1
2.6097650528 3 1
2.62254500389 3 1
2.63583707809 3 1
2.64880299568 3 1
2.66211915016 3 1
2.67494702339 3 1
2.68808507919 3 1
2.70061397552 3 1
2.71306800842 3 1
2.72571206093 3 1
2.73919606209 3 1
2.75220108032 3 1
2.76520800591 3 1
2.77824115753 3 1
2.79078102112 3 1
2.8034620285 3 1
2.81575393677 3 1
2.82835316658 3 1
2.84155917168 3 1
2.85499715805 3 1
2.86815595627 3 1
2.88179802895 3 1
2.8963470459 3 1
2.90948700905 3 1
2.92208194733 3 1
2.93450498581 3 1
2.94695496559 3 1
2.95929694176 3 1
2.97194004059 3 1
2.98477911949 3 1
2.99744009972 3 1
3.00973701477 3 1
3.02217197418 3 1
3.03524899483 3 1
3.04792499542 3 1
3.06064105034 3 1
3.07326602936 3 1
3.08639216423 3 1
3.10050702095 3 1
3.1129860878 3 1
3.12546801567 3 1
3.13765597343 3 1
3.1502430439 3 1
3.16266512871 3 1
3.17458510399 3 1
3.18661212921 3 1
3.19894504547 3 1
3.21147203445 3 1
3.22341609001 3 1
3.23571896553 3 1
3.24762201309 3 1
3.25968599319 3 1
3.27291297913 3 1
3.2854590416 3 1
3.29761910439 3 1
3.31022715569 3 1
3.32271409035 3 1
3.33471798897 3 1
3.34664607048 3 1
3.35856795311 3 1
3.37049007416 3 1
3.38242816925 3 1
3.39436411858 3 1
3.40630412102 3 1
3.4182009697 3 1
3.43084311485 3 1
3.44280099869 3 1
3.4547419548 3 1
3.46667313576 3 1
3.47861003876 3 1
3.49054408073 3 1
3.50282812119 3 1
3.51485109329 3 1
3.5267701149 3 1
3.53870296478 3 1
3.55064511299 3 1
3.56255793571 3 1
3.57517504692 3 1
3.58714008331 3 1
3.59906101227 3 1
3.61101198196 3 1
3.62294411659 3 1
3.63485503197 3 1
3.64676904678 3 1
3.65871810913 3 1
3.67120409012 3 1
3.68370604515 3 1
3.69619417191 3 1
3.70871496201 3 1
3.72122097015 3 1
3.73370313644 3 1
3.74615311623 3 1
3.75808215141 3 1
3.77001309395 3 1
3.78278207779 3 1
3.79570412636 3 1
3.80921602249 3 1
3.82165598869 3 1
3.83417415619 3 1
3.84764504433 3 1
3.86109113693 3 1
3.87381601334 3 1
3.88754796982 3 1
3.90133714676 3 1
3.91521906853 3 1
3.92912316322 3 1
3.94279098511 3 1
3.95646095276 3 1
3.97005200386 3 1
3.98349905014 3 1
3.99697494507 3 1
4.01029515266 3 1
4.02368307114 3 1
4.03706216812 3 1
4.05027699471 3 1
4.06342601776 3 1
4.0767390728 3 1
4.09005212784 3 1
4.10340499878 3 1
4.11680006981 3 1
4.13008904457 3 1
4.14330601692 3 1
4.15640807152 3 1
4.16956114769 3 1
4.18220901489 3 1
4.19545793533 3 1
4.20862197876 3 1
4.22179913521 3 1
4.23483896255 3 1
4.24803614616 3 1
4.26118397713 3 1
4.27415513992 3 1
4.28739714622 3 1
4.30076098442 3 1
4.31398510933 3 1
4.32677602768 3 1
4.33979296684 3 1
4.35278010368 3 1
4.36568713188 3 1
4.37872004509 3 1
4.39169096947 3 1
4.40526103973 3 1
4.41821503639 3 1
4.4315199852 3 1
4.44435715675 3 1
4.45738601685 3 1
4.47007799149 3 1
4.48295903206 3 1
4.49575614929 3 1
4.50844812393 3 1
4.52105712891 3 1
4.5338010788 3 1
4.54791903496 3 1
4.5608651638 3 1
4.57353997231 3 1
4.5864610672 3 1
4.59932494164 3 1
4.61221694946 3 1
4.62484312057 3 1
4.63746404648 3 1
4.6510951519 3 1
4.66379308701 3 1
4.67638802528 3 1
4.68901801109 3 1
4.70169115067 3 1
4.71433901787 3 1
4.72685098648 3 1
4.73932099342 3 1
4.7520430088 3 1
4.76498508453 3 1
4.77880907059 3 1
4.79309511185 3 1
4.80614614487 3 1
4.81994509697 3 1
4.83371710777 3 1
4.84754109383 3 1
4.86071801186 3 1
4.87374997139 3 1
4.88683700562 3 1
4.89973711967 3 1
4.91237211227 3 1
4.92476511002 3 1
4.9380800724 3 1
4.95132803917 3 1
4.96534204483 3 1
4.97876095772 3 1
4.99225902557 3 2
5.00533103943 3 2
5.0183391571 3 2
5.03095316887 3 2
5.04408216476 3 2
5.05723214149 3 2
5.0705871582 3 2
5.08404898643 3 2
5.09689807892 3 3
5.109842062 3 3
5.12287712097 3 3
5.13580608368 3 3
5.14877796173 3 3
5.16208004951 3 3
5.17513895035 3 3
5.18786597252 3 3
5.20136213303 3 3
5.21413516998 3 3
5.22680711746 3 3
5.2393860817 3 3
5.25201106071 3 3
5.26479101181 3 3
5.27727293968 3 3
5.28938603401 3 3
5.30149102211 3 3
5.31357908249 3 3
5.32575798035 3 3
5.33784914017 3 3
5.34996414185 3 3
5.36211013794 3 3
5.3743519783 3 3
5.38657402992 3 3
5.39883303642 3 3
5.41103410721 3 3
5.42320108414 3 3
5.43539214134 3 3
5.44747805595 3 3
5.45960307121 3 3
5.47183012962 3 3
5.48398303986 3 3
5.49617695808 3 3
5.50839710236 3 3
5.52050304413 3 3
5.53251409531 3 3
5.54453206062 3 3
5.55652809143 3 3
5.56854295731 3 3
5.58053302765 3 3
5.59253716469 3 3
5.60448908806 3 3
5.61682295799 3 3
5.62878012657 3 3
5.64083504677 3 3
5.65284895897 3 3
5.66482710838 3 3
5.67714595795 3 3
5.68934702873 3 3
5.7014529705 3 3
5.71341514587 3 3
5.72542715073 3 3
5.73747014999 3 3
5.74948215485 3 3
5.76156210899 3 3
5.77388310432 3 3
5.78616595268 3 3
5.79835104942 3 3
5.81055808067 3 3
5.82279706001 3 3
5.83501815796 3 3
5.84721493721 3 3
5.85954403877 3 3
5.87191915512 3 3
5.88412094116 3 3
5.89645814896 3 3
5.90887093544 3 3
5.92119598389 3 3
5.93352508545 3 3
5.94572710991 3 3
5.95808315277 3 3
5.97020506859 3 3
5.98230195045 3 3
5.99450802803 3 3
6.0069861412 3 3
6.01912713051 3 3
6.03128600121 3 3
6.04448413849 3 3
6.05652594566 3 3
6.06859993935 3 3
6.08067297935 3 3
6.09276294708 3 4
6.10475516319 3 4
6.11693716049 3 4
6.1289999485 3 4
6.14103412628 3 4
6.153028965 3 4
6.16513299942 3 4
6.17732715607 3 4
6.19005513191 3 4
6.20250797272 3 4
6.21476197243 3 4
6.22701907158 3 4
6.23950695992 3 4
6.25207209587 3 4
6.2646510601 3 4
6.27737212181 3 4
6.28953909874 3 4
6.30177402496 3 4
6.3138461113 3 4
6.32588505745 3 4
6.33802103996 3 4
6.35025310516 3 4
6.36230015755 3 4
6.37441396713 3 4
6.38763093948 3 4
6.39960694313 3 4
6.41167807579 3 4
6.42385911942 3 4
6.43620610237 3 4
6.44824695587 3 4
6.46021199226 3 4
6.47208499908 3 4
6.48407101631 3 4
6.49622011185 3 4
6.50822496414 3 4
6.52021503448 3 4
6.53222894669 3 4
6.54424309731 3 4
6.55637311935 3 4
6.56852316856 3 4
6.58067417145 3 4
6.59278893471 3 4
6.60483813286 3 4
6.61702299118 3 4
6.62917304039 3 4
6.6413860321 3 4
6.65352797508 3 4
6.66565895081 3 4
6.67759203911 3 4
6.68964099884 3 4
6.70174503326 3 4
6.71390008926 3 4
6.72604703903 3 4
6.73803400993 3 4
6.75013494492 3 4
6.76218700409 3 4
6.77427697182 3 4
6.78641796112 3 4
6.79859614372 3 4
6.81076693535 3 4
6.82292795181 3 4
6.83509707451 3 4
6.8472340107 3 4
6.8594250679 3 4
6.87175893784 3 4
6.88382506371 3 4
6.89571714401 3 4
6.90765404701 3 4
6.91961097717 3 4
6.93155908585 3 4
6.94351506233 3 4
6.95545816422 3 4
6.96745204926 3 4
6.97942209244 3 4
6.99140095711 3 4
7.00337100029 3 4
7.01532006264 3 4
7.02725315094 3 4
7.03917098045 3 4
7.0510931015 3 4
7.06295108795 3 4
7.07494306564 3 4
7.08686614037 3 4
7.09871006012 3 5
7.11062812805 3 5
7.12255215645 3 5
7.13455200195 3 5
7.14646410942 3 5
7.1583981514 3 5
7.17029714584 3 5
7.18219900131 3 5
7.1940741539 3 5
7.20597410202 3 5
7.2178940773 3 5
7.22982907295 3 5
7.24174213409 3 5
7.25371003151 3 5
7.26560306549 3 5
7.27748394012 3 5
7.28944706917 3 5
7.3013780117 3 5
7.31329107285 3 5
7.32521295547 3 5
7.33710408211 3 5
7.34899997711 3 5
7.36090111732 3 5
7.37281394005 3 5
7.38472509384 3 5
7.39664196968 3 5
7.40857410431 3 5
7.42051100731 3 5
7.43240404129 3 5
7.44430613518 3 5
7.45620894432 3 5
7.46810507774 3 5
7.48003315926 3 5
7.49195194244 3 5
7.50387001038 3 5
7.51577997208 3 5
7.52767896652 3 5
7.53947615623 3 5
7.55135297775 3 5
7.56328201294 3 5
7.57507801056 3 5
7.58690500259 3 5
7.59873199463 3 5
7.61056303978 3 5
7.62236905098 3 5
7.63419294357 3 5
7.64600801468 3 5
7.6578309536 3 5
7.66964411736 3 5
7.68143606186 3 5
7.69326996803 3 5
7.70519709587 3 5
7.71705913544 3 5
7.72895407677 3 5
7.7408490181 3 5
7.7527551651 3 5
7.76463198662 3 5
7.77661800385 3 5
7.78858113289 3 5
7.80047011375 3 5
7.81233501434 3 5
7.8242161274 3 5
7.83608412743 3 5
7.8480360508 3 5
7.85990309715 3 5
7.87178397179 3 5
7.88370513916 3 5
7.89554905891 3 5
7.90742111206 3 5
7.9192969799 3 5
7.9312081337 3 5
7.94362711906 3 5
7.95565199852 3 5
7.96823310852 3 5
7.9805150032 3 5
7.99271416664 3 5
8.00492501259 3 5
8.01701307297 3 5
8.02908110619 3 5
8.0411400795 3 5
8.05351996422 3 5
8.06582212448 3 5
8.07802915573 3 5
8.09019613266 3 5
8.10203194618 3 5
8.11392998695 3 5
8.12587594986 3 5
8.13779616356 3 5
8.14970016479 3 5
8.16158795357 3 5
8.17347097397 3 5
8.18539214134 3 5
8.19730305672 3 5
8.2092089653 3 5
8.22110295296 3 5
8.2330031395 3 5
8.2448861599 3 5
8.25679206848 3 5
8.26869797707 3 5
8.28062009811 3 5
8.29252910614 3 5
8.30441999435 3 5
8.31630802155 3 5
8.32821512222 3 5
8.34017896652 3 5
8.35212898254 3 5
8.36405205727 3 5
8.37600302696 3 5
8.38795614243 3 5
8.39995002747 3 5
8.41192793846 3 5
8.4239089489 3 5
8.43589901924 3 5
8.44842100143 3 5
8.46063804626 3 5
8.47278213501 3 5
8.4849050045 3 5
8.49694108963 3 5
8.50901198387 3 5
8.5210750103 3 5
8.53317093849 3 5
8.5452401638 3 5
8.55747699738 3 5
8.56983995438 3 5
8.58200097084 3 5
8.59408998489 3 5
8.60600614548 3 5
8.61805415154 3 5
8.62997293472 3 5
8.64194011688 3 5
8.65389800072 3 5
8.66590213776 3 5
8.67789006233 3 5
8.68988204002 3 5
8.70172715187 3 5
8.71365809441 3 5
8.72560501099 3 5
8.73760294914 3 5
8.74957299232 3 5
8.76150012016 3 5
8.77338504791 3 5
8.78527712822 3 5
8.79716610909 3 5
8.80903911591 3 5
8.82091593742 3 5
8.83281111717 3 5
8.84466814995 3 5
8.85655713081 3 5
8.86844801903 3 5
8.8804731369 3 5
8.89247298241 3 5
8.90448212624 3 5
8.91672611237 3 5
8.92879915237 3 5
8.94084906578 3 5
8.95285701752 3 5
8.9648680687 3 5
8.9768640995 3 5
8.9888689518 4 5
9.00086593628 4 5
9.01284599304 4 5
9.02504014969 4 5
9.03702902794 4 5
9.04903197289 4 5
9.06111311913 4 5
9.07331299782 4 5
9.08548808098 4 5
9.09787917137 6 5
9.11053204536 7 5
9.12300515175 7 5
9.13544917107 7 5
9.14787912369 7 5
9.16148400307 7 5
9.17425608635 7 5
9.18659305573 7 5
9.1989941597 7 5
9.21137905121 7 5
9.22422099113 7 5
9.23671317101 7 5
9.24905610085 7 5
9.26149201393 7 5
9.27382898331 7 5
9.28616404533 7 5
9.29860305786 7 5
9.31130194664 7 5
9.32392597198 7 5
9.33648395538 7 5
9.3489010334 7 5
9.36141204834 7 5
9.37369894981 7 5
9.38698506355 7 5
9.40029597282 7 5
9.41341900826 7 5
9.42676901817 7 5
9.43969202042 7 5
9.45249414444 7 5
9.46504497528 7 5
9.4776661396 7 5
9.49141407013 7 5
9.50479197502 7 5
9.51813197136 7 5
9.53176116943 7 5
9.54495310783 7 5
9.5586309433 7 5
9.57227706909 7 5
9.58618998528 7 5
9.60000514984 7 5
9.6136879921 7 5
9.6272289753 7 5
9.64052915573 7 5
9.6539440155 7 5
9.66711211205 7 5
9.68050408363 7 5
9.69370102882 7 5
9.70705604553 7 5
9.72112417221 7 5
9.73545598984 7 5
9.74931716919 7 5
9.76305413246 7 5
9.77647399902 7 5
9.790184021 7 5
9.8038020134 7 5
9.81741309166 7 5
9.83056807518 7 5
9.84375500679 7 5
9.8568789959 7 5
9.87075614929 7 5
9.88489603996 7 5
9.8987300396 7 5
9.91259503365 7 5
9.92653298378 7 5
9.94043517113 7 5
9.9543261528 7 5
9.96758294106 7 5
9.98130512238 7 5
9.99451804161 7 5
10.0078201294 7 5
10.0208721161 7 5
10.0341250896 7 5
10.0478429794 7 5
10.0610301495 7 5
10.0749349594 7 5
10.0894360542 7 5
10.1035139561 7 5
10.117331028 7 5
10.1314899921 7 5
10.1454160213 7 5
10.1591501236 7 5
10.1723711491 7 5
10.1859381199 7 5
10.1996591091 7 5
10.213103056 7 5
10.2265880108 7 5
10.241505146 7 5
10.2550160885 7 5
10.2686359882 7 5
10.2816641331 7 5
10.2951390743 7 5
10.3085620403 7 5
10.3216781616 7 5
10.3352291584 7 5
10.3487341404 7 5
10.3622210026 7 5
10.3755850792 7 5
10.3889341354 7 5
10.4024000168 7 5
10.4159431458 7 5
10.4293570518 7 5
10.4427740574 7 5
10.4562511444 7 5
10.4696631432 7 5
10.4830291271 7 5
10.4962639809 7 5
10.5096781254 7 5
10.5230340958 7 5
10.5362589359 7 5
10.5496201515 7 5
10.5628840923 7 5
10.5762169361 7 5
10.5896070004 7 5
10.6029169559 7 5
10.6161849499 7 5
10.6294829845 7 5
10.643048048 7 5
10.6564660072 7 5
10.6697101593 7 5
10.6833310127 7 5
10.6967830658 7 5
10.710078001 7 5
10.7233190536 7 5
10.7366559505 7 5
10.7499320507 7 5
10.7631151676 7 5
10.7760131359 7 5
10.788877964 7 5
10.801831007 7 5
10.815130949 7 5
10.8285040855 7 5
10.8418860435 7 5
10.8551969528 7 5
10.8684370518 7 5
10.881829977 7 5
10.895211935 7 5
10.9085550308 7 5
10.921831131 7 5
10.9350810051 7 5
10.9482660294 7 5
10.9617030621 7 5
10.9749331474 7 5
10.987664938 7 5
11.0004119873 7 5
11.0146760941 7 5
11.028758049 7 5
11.0420179367 7 5
11.0551030636 7 5
11.0682330132 7 5
11.0813751221 7 5
11.094851017 7 5
11.1084091663 7 5
11.1222360134 7 5
11.1352090836 7 5
11.1480131149 7 5
11.1607420444 7 5
11.1733989716 7 5
11.1869170666 7 5
11.2007169724 7 5
11.2141420841 7 5
11.2275540829 7 5
11.2410421371 7 5
11.2546081543 7 5
11.2680721283 7 5
11.2816791534 7 5
11.2950651646 7 5
11.3084440231 7 5
11.3217339516 7 5
11.3351840973 7 5
11.348555088 7 5
11.3618869781 7 5
11.3752131462 7 5
11.3881700039 7 5
11.4008359909 7 5
11.4134349823 7 5
11.4269320965 7 5
11.4398970604 7 5
11.4531540871 7 5
11.4668519497 7 5
11.48021698 7 5
11.4930920601 7 5
11.5057470798 7 5
11.5192570686 7 5
11.5330221653 7 5
11.5465171337 7 5
11.5600640774 7 5
11.5735931396 7 5
11.5871701241 7 5
11.5997819901 7 5
11.6134531498 7 5
11.6264269352 7 5
11.6400420666 7 5
11.6536519527 7 5
11.6671800613 7 5
11.6804540157 7 5
11.693734169 7 5
11.706964016 7 5
11.7202820778 7 5
11.7335009575 7 5
11.7467939854 7 5
11.7599649429 7 5
11.7731649876 7 5
11.7862501144 7 5
11.7994129658 7 5
11.8126540184 7 5
11.825772047 7 5
11.8388049603 7 5
11.8518149853 7 5
11.8652529716 7 5
11.8787469864 7 5
11.8911690712 7 5
11.904417038 7 5
11.9169631004 7 5
11.9298660755 7 5
11.9422931671 7 5
11.9563839436 7 5
11.9688420296 7 5
11.9811079502 7 5
11.9934201241 7 5
12.0056741238 7 5
12.0177111626 7 5
12.0296909809 7 5
12.041713953 7 5
12.0537159443 7 5
12.0660209656 7 5
12.0784850121 7 5
12.0904419422 7 5
12.1023221016 7 5
12.1144731045 7 5
12.126431942 7 5
12.1391789913 7 5
12.1520690918 7 5
12.1646621227 7 5
12.176680088 7 5
12.1891131401 7 5
12.2013731003 7 5
12.2148580551 7 5
12.228249073 7 5
12.2413361073 7 5
12.254338026 7 5
12.2672820091 7 5
12.2802381516 7 5
12.2932491302 7 5
12.3061771393 7 5
12.3191320896 7 5
12.3322701454 7 5
12.3453810215 7 5
12.3582639694 7 5
12.3711891174 7 5
12.3841209412 7 5
12.3973031044 7 5
12.4115560055 7 5
12.424339056 7 5
12.4375331402 7 5
12.4507441521 7 5
12.463463068 7 5
12.477077961 7 5
12.4900679588 7 5
12.5029640198 7 5
12.5156700611 7 5
12.5284321308 7 5
12.5412559509 7 5
12.5539109707 7 5
12.566849947 7 5
12.5796830654 7 5
12.592416048 7 5
12.6057391167 7 5
12.6182560921 7 5
12.6309640408 7 5
12.6435699463 7 5
12.6565930843 7 5
12.6691861153 7 5
12.6818089485 7 5
12.6950471401 7 5
12.7076611519 7 5
12.7202129364 7 5
12.7325849533 7 5
12.7450301647 7 5
12.7573699951 7 5
12.7699279785 7 5
12.7828111649 7 5
12.7954070568 7 5
12.8080370426 7 5
12.820731163 7 5
12.8333070278 7 5
12.846476078 7 5
12.8597810268 7 5
12.8727769852 7 5
12.8862221241 7 5
12.8993771076 7 5
12.9124009609 7 5
12.9254469872 7 5
12.9387991428 7 5
12.9514009953 7 5
12.9640469551 7 5
12.9766869545 7 5
12.9892020226 7 5
13.0025000572 7 5
13.0156929493 7 5
13.0289700031 7 5
13.0425419807 7 5
13.0559151173 7 5
13.0688500404 7 5
13.0823161602 7 5
13.0955941677 7 5
13.108864069 7 5
13.1220071316 7 5
13.1350669861 7 5
13.1477890015 7 5
13.1603460312 7 5
13.1728620529 7 5
13.1852509975 7 5
13.1975719929 7 5
13.2095711231 7 5
13.221585989 7 5
13.2338440418 7 5
13.2457580566 7 5
13.2576720715 7 5
13.2695939541 7 5
13.2814929485 7 5
13.2934110165 7 5
13.3053240776 7 5
13.3180000782 7 5
13.3304591179 7 5
13.342443943 7 5
13.3543190956 7 5
13.3668041229 7 5
13.3793849945 7 5
13.3919091225 7 5
13.4047241211 7 5
13.4173631668 7 5
13.4298231602 7 5
13.4429090023 7 5
13.4553930759 7 5
13.4686341286 7 5
13.4815270901 7 5
13.4943370819 7 5
13.5068261623 7 5
13.519288063 7 5
13.5317180157 7 5
13.5441999435 7 5
13.5566821098 7 5
13.5695841312 7 5
13.5819499493 7 5
13.5948491096 7 5
13.6078269482 7 5
13.6203081608 7 5
13.6333839893 7 5
13.6464099884 7 5
13.6596341133 7 5
13.6726081371 7 5
13.6857731342 7 5
13.6986050606 7 5
13.7112381458 7 5
13.7236640453 7 5
13.7361929417 7 5
13.7486641407 7 5
13.7617969513 7 5
13.7754571438 7 5
13.78886199 7 5
13.8019320965 7 5
13.8154139519 7 5
13.8284990788 7 5
13.8419840336 7 5
13.8554050922 7 5
13.8685381413 7 5
13.8815100193 7 5
13.8942649364 7 5
13.9068651199 7 5
13.9194691181 7 5
13.9322090149 7 5
13.9458539486 7 5
13.9591641426 7 5
13.9729571342 7 5
13.9867360592 7 5
14.0000920296 7 5
14.0134019852 7 5
14.0264210701 7 5
14.040004015 7 5
14.0538511276 7 5
14.0675549507 7 5
14.0813369751 7 5
14.0951099396 7 5
14.1087441444 8 5
14.1218240261 8 5
14.1351780891 8 5
14.1478531361 8 5
14.1603469849 8 5
14.1736090183 8 5
14.1865260601 8 5
14.199203968 8 5
14.2113630772 8 5
14.2234301567 8 5
14.2354199886 8 5
14.2473800182 8 5
14.2593951225 8 5
14.2721590996 8 5
14.2855000496 8 5
14.297991991 8 5
14.3105039597 8 5
14.3230290413 8 5
14.3355460167 8 5
14.3475749493 8 5
14.3599951267 8 5
14.3729519844 8 5
14.3853709698 8 5
14.3983719349 8 5
14.4106600285 8 5
14.4232649803 8 5
14.4356989861 8 5
14.4481520653 8 5
14.4606440067 8 5
14.4730370045 8 5
14.4856300354 8 5
14.4981191158 8 5
14.5106370449 8 5
14.5230610371 8 5
14.535130024 8 5
14.5476081371 8 5
14.5597839355 8 5
14.5720551014 8 5
14.5842740536 8 5
14.5967180729 8 5
14.6090290546 8 5
14.622300148 8 5
14.6347939968 8 5
14.6471130848 8 5
14.6596679688 8 5
14.6729609966 8 5
14.6863400936 8 5
14.6992750168 8 5
14.7132930756 8 5
14.7267410755 8 5
14.7405490875 8 5
14.7545990944 8 5
14.7681679726 8 5
14.7819361687 8 5
14.7948670387 8 5
14.8080179691 8 5
14.8207080364 8 5
14.8334829807 8 5
14.8470270634 8 5
14.8600120544 8 5
14.8736071587 8 5
14.8873660564 8 5
14.9015409946 8 5
14.9155139923 8 5
14.9291689396 8 5
14.9427490234 8 5
14.9561350346 8 5
14.9701490402 8 5
14.9838249683 8 5
14.9974019527 8 5
15.0107591152 8 5
15.0242600441 8 5
15.0381290913 8 5
15.0516710281 8 5
15.0650730133 8 5
15.0784010887 8 5
15.0920460224 8 5
15.1057331562 8 5
15.11946702 8 5
15.1331629753 8 5
15.1462180614 8 5
15.1599071026 8 5
15.173210144 8 5
15.1870479584 8 5
15.2007620335 8 5
15.2142779827 8 5
15.2268459797 8 5
15.2395479679 8 5
15.2529399395 8 5
15.2661781311 8 5
15.279348135 8 5
15.2927150726 8 5
15.3058941364 8 5
15.3192081451 8 5
15.3323841095 8 5
15.3452939987 8 5
15.358371973 8 5
15.3711090088 8 5
15.3840241432 8 5
15.3965280056 8 5
15.4095640182 8 5
15.4225549698 8 5
15.4354169369 8 5
15.4484629631 8 5
15.4623639584 8 5
15.4757070541 8 5
15.4889290333 8 5
15.5020880699 8 5
15.5147550106 8 5
15.5273530483 8 5
15.5399000645 8 5
15.5530500412 8 5
15.5661461353 8 5
15.5792541504 8 5
15.5921981335 8 5
15.6057620049 8 5
15.6190240383 8 5
15.6322760582 8 5
15.6453111172 8 5
15.6584379673 8 5
15.6719300747 8 5
15.6856889725 8 5
15.699532032 8 5
15.7130391598 8 5
15.7262041569 8 5
15.7393500805 8 5
15.752614975 8 5
15.766356945 8 5
15.7798931599 8 5
15.7937870026 8 5
15.8078091145 8 5
15.8211891651 8 5
15.8343150616 8 5
15.847974062 8 5
15.8615620136 8 5
15.8756070137 8 5
15.8891530037 8 5
15.9022271633 8 5
15.9150750637 8 5
15.9279820919 8 5
15.9408349991 8 5
15.9537990093 8 5
15.9670209885 8 5
15.9803571701 8 5
15.9936010838 8 5
16.0070950985 8 5
16.0199711323 8 5
16.0329799652 8 5
16.0459859371 8 5
16.0587790012 8 5
16.0715801716 8 5
