2073
2081
2089
2083
2085
2087
2281
2283
2277
2273
2275
2279
2485
2481
2483
2489
2493
2601
2607
2605
3633
3629
3631
4175
4169
4179
4187
4185
4173
4177
4181
4171
4167
4911
6277
6285
6287
6289
6291
6293
6283
6791
6783
6789
6803
6797
6787
6793
6795
6799
6801
6805
6785
6781
7389
7397
8099
8113
8115
8117
8119
8121
8103
8109
8107
8097
8111
9311
9315
9329
9319
9327
9333
9331
9313
9721
9703
9717
9701
9707
9709
9711
9713
9715
9723
9725
9727
9729
9731
9733
9735
9737
9739
9741
9743
9705
9719
9755
9761
9751
9753
9763
9749
10119
10105
10113
10115
10103
10101
10109
10111
10131
10117
10121
10123
10125
10099
10107
10127
10137
10543
10821
10807
10823
10813
10809
10797
10817
10805
10815
10811
10819
10803
10829
10801
10799
11585
11595
11591
11593
11597
11599
11601
11603
11605
11607
11609
11611
11613
11615
11871
11881
11895
11901
11865
11861
11863
11867
11869
11875
11877
11879
11883
11885
11887
11889
11891
11893
11897
11899
11971
13307
13303
13323
13305
13315
13313
13317
13309
13321
13325
13327
13331
13557
13559
13561
13563
13565
13567
13569
13571
13573
13575
13577
13579
13581
13583
13607
13609
13611
13613
13615
13617
13619
13621
13623
13625
13627
13629
13631
13733
13735
13737
13739
13741
13743
13745
13747
13749
13751
13753
13755
13757
13633
13635
13637
13639
13641
13643
13645
13647
13649
13651
13653
13655
13657
14733
14735
14737
14739
14741
14743
14745
14747
14749
14751
14753
14755
14757
14833
14835
14837
14839
14841
14843
14845
14847
14849
14851
14853
14855
14857
14931
14933
14935
14937
14939
14941
14943
14945
14947
14949
14951
14953
14955
14957
15493
15489
15491
16749
16753
18805
18807
18811
19387
19389
19391
19413
19399
19397
19449
19451
19453
19455
19457
19459
19461
19463
19465
19467
19469
19471
19473
19411
19421
19415
19395
19401
19403
19405
19407
19409
19419
19423
19425
19427
19429
19431
19433
19435
19437
19439
19441
19443
19445
19447
19961
19949
19943
19947
19951
19953
19955
19957
19959
20837
20841
20845
20849
20853
20851
20855
21701
21705
21693
21699
21703
21709
21847
21849
21851
21853
21855
21857
21859
21861
21863
21865
21867
21869
21871
21845
21839
21843
23227
23231
23233
23239
23241
23243
23245
23247
23249
23251
23253
23255
23257
23259
23261
23263
23265
23267
23269
23271
23273
23275
23277
23279
23281
23283
23285
23287
23289
23291
23293
23295
23297
23299
23301
23303
23305
23307
23309
23311
23313
23339
23341
23343
23345
23347
23349
23351
23489
23491
23485
23481
23483
23487
25467
25469
25465
25485
25487
25489
25491
25493
25495
25497
25499
25501
25503
25505
25507
25509
25535
25537
25479
25481
25477
26273
26287
26283
26285
26599
26595
26597
26601
26603
26605
26897
26899
26903
26909
26907
26913
26917
26901
26905
26921
26937
26939
27319
27311
27315
27317
27323
27325
27313
27309
27321
27355
27357
27361
27363
27365
27367
27369
27371
27373
27375
27359
27563
27573
27571
28489
28947
28949
28943
28939
28953
28941
28945
29385
29389
29391
29393
30679
30675
30677
30699
31229
31231
31233
31235
31237
31239
31241
31243
31245
31247
31249
31251
31253
33023
33033
33037
33039
33391
33389
33387
33639
33641
35119
35117
35651
35755
35757
35759
35761
35763
35765
35767
35769
35771
35773
35775
35777
35779
35655
35657
35659
35661
35663
35665
35667
35669
35671
35673
35675
35677
35679
35805
35807
35809
35811
35813
35815
35817
35819
35821
35823
35825
35827
35829
35831
35649
35653
35705
35707
35709
35711
35713
35715
35717
35719
35721
35723
35725
35727
35729
36329
36331
36333
36335
36337
36339
36341
36343
36345
36347
36349
36351
36353
36529
36531
36533
36535
36537
36539
36541
36543
36545
36547
36549
36551
36553
36653
36655
36657
36659
36661
36663
36665
36667
36669
36671
36673
36675
36677
36953
36955
36957
36959
36961
36963
36965
36967
36969
36971
36973
36975
36977
36979
37103
37105
37107
37109
37111
37113
37115
37117
37119
37121
37123
37125
37127
39765
39769
39771
39773
39775
39777
39779
39781
39761
39757
39759
39763
40671
40673
40675
40677
40659
40661
40665
40667
40669
40663
41357
41355
41361
41369
41367
41359
42323
42335
42313
42325
42329
42319
42327
42317
42345
42347
42349
42351
42353
42355
42357
42331
42333
42337
42343
42359
42361
42363
42365
42367
42369
42371
42373
42375
42377
42379
42381
42315
42321
42383
42385
42387
42389
42391
42393
42395
42397
42399
42401
42403
42405
42407
42409
42411
42413
42415
42417
42419
42421
42423
42425
42427
42429
42431
42433
42753
43969
43965
44277
44273
45177
45185
45189
45217
45219
45221
45223
45225
45227
45229
45231
45233
45235
45237
45239
45241
45243
45181
46911
46887
46889
46893
46895
46897
46899
46901
46903
46905
46907
46909
46913
46915
46917
46919
46921
46925
46885
46881
46883
46891
49409
49801
49817
49815
49819
49807
49809
49811
49813
49805
49803
50485
50481
50571
50577
50575
50569
50579
50581
50583
50585
50587
51871
52589
52585
52587
52591
53285
53291
53293
53295
53297
53299
53281
53277
53279
53283
53287
53289
54593
54595
54685
54687
54689
54691
54695
54703
54705
54707
54683
54679
54681
54885
55137
55121
55107
55127
55113
55115
55125
55117
55119
55135
55141
55139
55163
55109
55105
55111
55165
55147
55149
55151
55153
55155
55157
55159
55161
55123
55131
55133
55167
55169
55171
55173
55175
55177
55179
55181
55183
55185
55187
55189
55191
55193
55195
55197
55199
55201
55203
55205
55207
55209
55211
55213
55215
55217
55129
55143
55899
55897
56987
56989
56991
56993
56975
56969
56973
56977
56979
56981
56985
56983
57435
57457
57437
57459
57431
57433
57439
57441
57443
57445
57447
57449
57451
57453
57455
57461
57463
58399
59129
59125
61389
61399
61395
61413
61411
61401
61407
61419
61475
61477
61479
61481
61483
61485
61487
61489
61491
61493
61495
61497
61409
61403
61405
61423
61425
61427
61429
61431
61433
61435
61437
61439
61441
61443
61445
61447
61449
61451
61453
61455
61457
61459
61461
61463
61465
61467
61469
61471
61473
62161
62163
62175
62261
62259
62263
62257
62269
62271
62273
62275
62277
62279
62281
62283
62285
62479
63387
63389
63397
63395
63399
63391
64471
64477
64479
64481
64465
64473
64467
64495
64491
64493
64497
64469
64489
64485
64475
64945
64951
64957
64965
64971
64963
64953
64961
64947
64955
64979
64981
64983
64959
64967
64969
64975
64943
64939
64941
64977
64949
65283
65285
65281
65287
65291
65293
65295
65303
65305
65307
65309
65311
65313
65315
65317
65319
65321
65323
65325
65327
65273
65269
65271
65275
65301
65277
65279
65289
67089
67093
67091
67735
67731
67733
67737
67739
67741
67743
67745
67747
67941
67937
67939
67943
67945
67947
67949
67951
67953
68949
68937
68933
68935
68939
68941
68943
68945
68947
70209
70205
70207
70211
70213
70215
70217
70219
70221
70223
70225
70227
70641
70653
70647
70661
70651
70649
70637
70655
70657
70659
71911
