0.00263094902039 0 0 0
0.0158689022064 0 0 0
0.0287249088287 0 0 0
0.0409739017487 0 0 0
0.0530140399933 0 0 0
0.0650398731232 0 0 0
0.0771100521088 0 0 0
0.0891399383545 0 0 0
0.1021900177 0 0 0
0.114775896072 0 0 0
0.127868890762 0 0 0
0.141139984131 0 0 0
0.154115915298 0 0 0
0.166580915451 0 0 0
0.178901910782 0 0 0
0.191143035889 0 0 0
0.20352101326 0 0 0
0.215876102448 0 0 0
0.228389978409 0 0 0
0.240468025208 0 0 0
0.252779960632 0 1 0
0.265495061874 0 1 0
0.278237104416 0 1 0
0.291223049164 0 1 0
0.304315090179 0 1 0
0.317338943481 0 1 0
0.33117890358 0 1 0
0.345002889633 0 1 0
0.358644962311 0 1 0
0.372162103653 0 1 0
0.385495901108 0 1 0
0.398973941803 0 1 0
0.41255903244 0 1 0
0.426197052002 0 1 0
0.439601898193 0 1 0
0.453222036362 0 1 0
0.4671459198 0 1 0
0.480906009674 0 1 0
0.495043039322 0 1 0
0.5085709095 0 1 0
0.522439956665 0 1 0
0.535948038101 0 3 0
0.549654960632 0 3 0
0.56280708313 0 3 0
0.576534032822 0 3 0
0.590223073959 0 3 0
0.60398888588 0 3 0
0.61771607399 0 3 0
0.631160974503 0 3 0
0.644883871078 0 3 0
0.65914106369 0 3 0
0.672800064087 0 3 0
0.68665599823 0 3 0
0.700278997421 0 3 0
0.713901996613 0 3 0
0.727283000946 0 3 0
0.740773916245 0 3 0
0.754267930984 0 3 0
0.767139911652 0 3 0
0.779979944229 0 3 0
0.792682886124 0 3 0
0.805124044418 0 3 0
0.817318916321 0 3 0
0.82954287529 0 3 0
0.841630935669 0 3 0
0.853672981262 0 3 0
0.865992069244 0 3 0
0.878145933151 0 3 0
0.890141010284 0 3 0
0.902182102203 0 3 0
0.914181947708 0 3 0
0.926260948181 0 3 0
0.93834400177 0 3 0
0.950373888016 0 3 0
0.962430953979 0 3 0
0.974461078644 0 3 0
0.98649597168 0 3 0
0.998521089554 0 3 0
1.01059389114 0 3 0
1.02262401581 0 3 0
1.03467488289 0 3 0
1.04668498039 0 3 0
1.05871105194 0 3 0
1.07071805 0 3 0
1.0827460289 0 3 0
1.09475207329 0 3 0
1.10690593719 0 3 0
1.11892008781 0 3 0
1.13104891777 0 3 0
1.14311408997 0 3 0
1.15520501137 0 3 0
1.16729688644 0 3 0
1.17939305305 0 3 0
1.19151592255 0 3 0
1.20369291306 0 3 0
1.21590304375 0 3 0
1.22817802429 0 3 0
1.24043393135 0 3 0
1.25281906128 0 3 0
1.26592302322 0 3 0
1.27806997299 0 3 0
1.29021191597 0 3 0
1.30235004425 0 3 0
1.3144299984 0 3 0
1.32661294937 0 3 0
1.33883309364 0 3 0
1.35108399391 0 3 0
1.36357092857 0 4 0
1.37585806847 0 4 0
1.38778996468 0 4 0
1.39992403984 0 4 0
1.412348032 0 4 0
1.42459988594 0 4 0
1.43680906296 0 4 0
1.44907093048 0 4 0
1.4613070488 0 4 0
1.47354006767 0 4 0
1.48571610451 0 4 0
1.49791693687 0 4 0
1.51010107994 0 4 0
1.52229404449 0 4 0
1.53446507454 0 4 0
1.54641795158 0 4 0
1.55834102631 0 4 0
1.57026791573 0 4 0
1.58221888542 0 4 0
1.59456896782 0 4 0
1.60706090927 0 4 0
1.61923098564 0 4 0
1.63144087791 0 4 0
1.6436829567 0 4 0
1.65567994118 0 4 0
1.66811108589 0 4 0
1.68061590195 0 4 0
1.69319796562 0 4 0
1.70555210114 0 4 0
1.71766400337 0 4 0
1.72971701622 0 4 0
1.74182391167 0 4 0
1.75389289856 0 4 0
1.76597595215 0 4 0
1.77799105644 0 4 0
1.79001188278 0 4 0
1.80203294754 0 4 0
1.81406903267 0 4 0
1.82607793808 0 4 0
1.83811092377 0 4 0
1.85010194778 0 4 0
1.86206007004 0 4 0
1.87420892715 0 4 0
1.88615989685 0 4 0
1.89875388145 0 4 0
1.91099905968 0 4 0
1.92318105698 0 4 0
1.93538093567 0 4 0
1.94755506516 0 4 0
1.95970487595 0 4 0
1.97169995308 0 4 0
1.98409199715 0 4 0
1.99622392654 0 4 0
2.00841498375 0 4 0
2.02061104774 0 4 0
2.03310108185 0 4 0
2.04598498344 0 4 0
2.05876207352 0 4 0
2.07135009766 0 4 0
2.08483695984 0 4 0
2.09837007523 0 4 0
2.1118710041 0 4 0
2.12521290779 0 4 0
2.13906407356 0 4 0
2.15277290344 0 4 0
2.16675496101 0 4 0
2.18090605736 0 4 0
2.19520401955 0 4 0
2.20859789848 0 4 0
2.22190904617 0 4 0
2.23487496376 0 4 0
2.24792194366 0 4 0
2.26087903976 0 4 0
2.27438092232 0 4 0
2.28786492348 0 4 0
2.30158305168 0 4 0
2.31508708 0 4 0
2.32858896255 0 4 0
2.3420279026 0 4 0
2.35578799248 0 4 0
2.3697810173 0 4 0
2.38377594948 0 4 0
2.39780807495 0 4 0
2.41173005104 0 4 0
2.42576789856 0 4 0
2.4394159317 0 4 0
2.4531929493 0 4 0
2.467056036 0 4 0
2.481153965 0 4 0
2.49493288994 0 4 0
2.50865793228 0 4 0
2.52232003212 0 4 0
2.53595304489 0 4 0
2.54955387115 0 4 0
2.56319093704 0 4 0
2.57667088509 0 4 0
2.59010696411 0 4 0
2.60374689102 0 4 0
2.61711907387 0 4 0
2.63119697571 0 4 0
2.64477586746 0 4 0
2.65821290016 0 4 0
2.67199802399 0 4 0
2.68575501442 0 4 0
2.69947600365 0 4 0
2.71273398399 0 4 0
2.7259759903 0 4 0
2.73952698708 0 4 0
2.75312805176 0 4 0
2.76686692238 0 4 0
2.78049707413 0 4 0
2.79399394989 0 4 0
2.80745100975 0 4 0
2.82105898857 0 4 0
2.83438587189 0 4 0
2.84769892693 0 4 0
2.8609058857 0 4 0
2.87423300743 0 4 0
2.88777709007 0 4 0
2.90096306801 0 4 0
2.91356301308 0 4 0
2.92647409439 0 4 0
2.93901610374 0 4 0
2.9525001049 0 4 0
2.96611905098 0 4 0
2.97932004929 0 4 0
2.99253106117 0 4 0
3.00576901436 0 4 0
3.01886296272 0 4 0
3.03189706802 0 4 0
3.04492807388 0 4 0
3.05776906013 0 4 0
3.07073187828 0 4 0
3.08412909508 0 4 0
3.0977230072 0 4 0
3.11075496674 0 4 0
3.12410402298 0 4 0
3.13719701767 0 4 0
3.150359869 0 4 0
3.16351699829 0 4 0
3.17653989792 0 4 0
3.18953609467 0 4 0
3.20226097107 0 4 0
3.21506595612 0 4 0
3.22865009308 0 4 0
3.24133586884 0 4 0
3.25390100479 0 4 0
3.26635408401 0 4 0
3.27877187729 0 4 0
3.2914249897 0 4 0
3.3039700985 0 4 0
3.3165268898 0 4 0
3.32906389236 0 4 0
3.34166288376 0 4 0
3.35422587395 0 4 0
3.36646604538 0 4 0
3.37908697128 0 4 0
3.39154410362 0 4 0
3.40405106544 0 4 0
3.41653895378 0 4 0
3.42857193947 0 4 0
3.44148993492 0 4 0
3.45397090912 0 4 0
3.46641492844 0 4 0
3.47889208794 0 4 0
3.4913880825 0 4 0
3.50340008736 0 4 0
3.51539802551 0 4 0
3.52741193771 0 4 0
3.54021596909 0 4 0
3.55224990845 0 4 0
3.56424999237 0 4 0
3.5768198967 0 4 0
3.58939695358 0 4 0
3.60237002373 0 4 0
3.61472392082 0 4 0
3.62694406509 0 4 0
3.63918995857 0 4 0
3.6514210701 0 4 0
3.66365504265 0 4 0
3.67598390579 0 4 0
3.68818092346 0 4 0
3.700496912 0 4 0
3.71276307106 0 4 0
3.72496294975 0 4 0
3.7373149395 0 4 0
3.74969601631 0 4 0
3.76205205917 0 4 0
3.77437806129 0 4 0
3.7865998745 0 4 0
3.79885601997 0 4 0
3.81123209 0 4 0
3.82341194153 0 4 0
3.83558988571 0 4 0
3.84775209427 0 4 0
3.86008191109 0 4 0
3.87225699425 0 4 0
3.88446593285 0 4 0
3.89655399323 0 4 0
3.90868902206 0 4 0
3.92082500458 0 4 0
3.93301796913 0 4 0
3.94517588615 0 4 0
3.9575419426 0 4 0
3.97033596039 0 4 0
3.98308300972 0 4 0
3.9959089756 0 4 0
4.00878596306 0 4 0
4.02155709267 0 4 0
4.03430604935 0 4 0
4.04738998413 0 4 0
4.06067299843 0 4 0
4.07380890846 0 4 0
4.08680391312 0 4 0
4.09996294975 0 4 0
4.11331009865 0 4 0
4.12632989883 0 4 0
4.13964605331 0 4 0
4.15369796753 0 4 0
4.16638207436 0 4 0
4.17959904671 0 4 0
4.19235301018 0 4 0
4.20562601089 0 4 0
4.21837592125 0 4 0
4.23036193848 0 4 0
4.24279403687 0 4 0
4.25544404984 0 4 0
4.2684969902 0 4 0
4.28200793266 0 4 0
4.29510092735 0 4 0
4.30877900124 0 4 0
4.32269692421 0 4 0
4.3365380764 0 4 0
4.35021209717 0 4 0
4.36366200447 0 4 0
4.37741088867 0 4 0
4.39064407349 0 4 0
4.40406394005 0 4 0
4.4173579216 0 4 0
4.43049192429 0 4 0
4.44383788109 0 4 0
4.45665001869 0 4 0
4.46954202652 0 4 0
4.48227906227 0 4 0
4.49554800987 0 4 0
4.50829005241 0 4 0
4.521682024 0 4 0
4.53495788574 0 4 0
4.54875397682 0 5 0
4.56133508682 0 5 0
4.57517790794 0 5 0
4.588504076 0 5 0
4.60161089897 0 5 0
4.61508393288 0 5 0
4.62788891792 0 5 0
4.64128708839 0 5 0
4.65464687347 0 5 0
4.66785097122 0 5 0
4.68109202385 0 5 0
4.69451093674 0 5 0
4.7078769207 0 5 0
4.72136998177 0 5 0
4.73459792137 0 5 0
4.74796199799 0 5 0
4.76137900352 0 5 0
4.77485799789 0 5 0
4.78806710243 0 5 0
4.80079102516 0 5 0
4.81343698502 0 5 0
4.82704901695 0 5 0
4.84061002731 0 5 0
4.85398101807 0 5 0
4.86691594124 0 5 0
4.88062787056 0 5 0
4.89433789253 0 5 0
4.90850090981 0 5 0
4.92258191109 0 5 0
4.93667602539 0 5 0
4.95072102547 0 5 0
4.96490192413 0 5 0
4.97870993614 0 5 0
4.9923620224 0 5 0
5.00564908981 0 5 0
5.01885104179 0 5 0
5.03230190277 0 5 0
5.04562187195 0 5 0
5.05878090858 0 5 0
5.07216000557 0 5 0
5.08527088165 0 5 0
5.09843087196 0 5 0
5.11139702797 0 5 0
5.12418794632 0 6 0
5.13633799553 0 7 0
5.14854693413 1 9 0
5.16062903404 0 10 0
5.1726500988 0 10 0
5.18469309807 0 10 0
5.19672298431 0 10 0
5.20879006386 0 10 0
5.2208340168 0 10 0
5.23286890984 0 10 0
5.24490809441 0 10 0
5.25695610046 0 10 0
5.26898598671 0 10 0
5.28099703789 0 10 0
5.29302406311 0 12 0
5.30504703522 0 12 0
5.31707692146 0 12 0
5.32909989357 0 12 0
5.34110498428 0 12 0
5.35325694084 0 12 0
5.36527395248 0 12 0
5.37728095055 0 12 0
5.38929605484 0 12 0
5.40130400658 0 12 0
5.41333293915 0 12 0
5.42535209656 0 12 0
5.43737101555 0 12 0
5.44937801361 0 12 0
5.46141004562 0 12 0
5.47341489792 0 12 0
5.48543787003 0 12 0
5.49743700027 0 12 0
5.50945901871 0 12 0
5.52145695686 0 12 0
5.53347206116 0 12 0
5.54549002647 0 12 0
5.55751204491 0 12 0
5.5695540905 0 12 0
5.58160305023 0 12 0
5.59364008904 0 14 0
5.60566592216 0 14 0
5.6177148819 0 14 0
5.62976503372 0 14 0
5.64179110527 0 14 0
5.65383696556 0 14 0
5.66587090492 0 14 0
5.67796206474 0 14 0
5.6900229454 0 14 0
5.70210599899 0 14 0
5.71421694756 0 14 0
5.72638893127 0 14 0
5.738519907 0 14 0
5.75071501732 0 14 0
5.76290202141 0 14 0
5.77508497238 0 14 0
5.78726100922 0 14 0
5.79947495461 0 14 0
5.811647892 0 14 0
5.82387709618 0 14 0
5.83604192734 0 14 0
5.84827303886 0 14 0
5.86048603058 0 14 0
5.87266302109 0 14 0
5.88494992256 0 14 0
5.89720892906 0 14 0
5.9093439579 0 14 0
5.9215490818 0 14 0
5.93374800682 0 14 0
5.94589495659 0 14 0
5.95810008049 0 14 0
5.9703669548 0 14 0
5.98258304596 0 14 0
5.99482297897 0 14 0
6.00724387169 0 14 0
6.01964092255 0 14 0
6.03191590309 0 14 0
6.04406094551 0 14 0
6.0565469265 0 14 0
6.06875395775 0 14 0
6.08079600334 0 14 0
6.09309387207 0 14 0
6.10540008545 0 14 0
6.11765694618 0 14 0
6.12979006767 0 14 0
6.14208388329 0 14 0
6.15511703491 0 14 0
6.1673579216 0 14 0
6.17966198921 0 14 0
6.19203090668 2 14 0
6.20448493958 0 16 0
6.21698594093 0 16 0
6.2294318676 0 16 0
6.24196505547 0 16 0
6.25432109833 0 16 0
6.26669001579 0 16 0
6.27921009064 0 16 0
6.29154706001 0 16 0
6.30389404297 0 16 0
6.31710100174 0 16 0
6.33043289185 0 16 0
6.34286999702 0 16 0
6.35535287857 0 16 0
6.36781787872 0 16 0
6.3802690506 0 16 0
6.39809894562 0 16 0
6.4102139473 0 16 0
6.42237591743 0 16 0
6.43438506126 0 16 0
6.44672298431 0 16 0
6.45918703079 0 16 0
6.47148990631 0 16 0
6.48373603821 0 16 0
6.49632906914 0 16 0
6.50875496864 0 16 0
6.5214779377 0 16 0
6.53405404091 0 16 0
6.54654502869 0 16 0
6.55914402008 0 16 0
6.57182598114 0 16 0
6.58442807198 0 16 0
6.5968849659 0 16 0
6.60960507393 0 16 0
6.62206792831 0 16 0
6.63461589813 0 16 0
6.64700007439 0 16 0
6.65946102142 0 16 0
6.67217588425 0 16 0
6.68453001976 0 16 0
6.69668006897 0 16 0
6.70894098282 0 16 0
6.72131991386 0 16 0
6.73391199112 0 16 0
6.74637198448 0 16 0
6.75869703293 0 16 0
6.77095890045 0 16 0
6.78346800804 0 16 0
6.79588294029 0 16 0
6.80834698677 0 16 0
6.82062506676 0 16 0
6.83302402496 0 16 0
6.84532308578 0 16 0
6.85758709908 0 16 0
6.86988091469 0 16 0
6.88226795197 0 16 0
6.89476490021 0 16 0
6.90684294701 0 16 0
6.91882610321 0 16 0
6.93079304695 0 16 0
6.94277501106 0 16 0
6.95474600792 0 16 0
6.96673297882 0 16 0
6.97870993614 0 16 0
6.99068188667 0 16 0
7.00258588791 0 16 0
7.01448297501 0 16 0
7.02637195587 0 16 0
7.03825592995 0 16 0
7.05013298988 0 16 0
7.06201601028 0 16 0
7.0739030838 0 16 0
7.08584499359 0 16 0
7.09780287743 0 16 0
7.10972905159 0 16 0
7.12167191505 0 16 0
7.13361406326 0 16 0
7.145622015 0 16 0
7.1576769352 0 16 0
7.16968107224 0 16 0
7.18167805672 0 16 0
7.19367599487 0 16 0
7.20568609238 0 16 0
7.21768593788 0 16 0
7.2296769619 0 16 0
7.24172091484 0 16 0
7.25377607346 0 16 0
7.26582503319 0 16 0
7.2778968811 0 16 0
7.28984689713 0 16 0
7.30189490318 0 16 0
7.31391000748 0 16 0
7.32597208023 0 16 0
7.33802103996 0 16 0
7.35008001328 0 16 0
7.36212110519 0 16 0
7.37413692474 0 16 0
7.38625001907 0 16 0
7.3983399868 0 18 0
7.41023397446 0 18 0
7.42220187187 0 18 0
7.43412899971 0 18 0
7.4461081028 0 18 0
7.45800590515 0 18 0
7.46990799904 0 18 0
7.48187303543 0 18 0
7.49377608299 0 18 0
7.50567793846 0 18 0
7.51757001877 0 18 0
7.52953004837 0 18 0
7.54148888588 0 18 0
7.55338096619 0 18 0
7.56536507607 0 18 0
7.57730102539 0 18 0
7.58919000626 0 18 0
7.60111093521 0 18 0
7.61306405067 0 18 0
7.62496209145 0 18 0
7.63692188263 0 18 0
7.64889001846 0 18 0
7.6608710289 0 18 0
7.67286396027 0 18 0
7.68486404419 0 18 0
7.69684100151 0 18 0
7.70881700516 0 18 0
7.7207930088 0 18 0
7.73275995255 0 18 0
7.74464797974 0 18 0
7.75661301613 0 18 0
7.76852297783 0 18 0
7.78047299385 0 18 0
7.79242300987 0 18 0
7.8043859005 0 18 0
7.81635808945 0 18 0
7.82827305794 0 18 0
7.84016895294 0 18 0
7.8521130085 0 18 0
7.86410999298 0 18 0
7.87611603737 0 18 0
7.88809704781 0 18 0
7.90017795563 0 18 0
7.91215395927 0 18 0
7.92427897453 0 18 0
7.93637490273 0 18 0
7.94854688644 0 18 0
7.96068787575 0 18 0
7.97287297249 0 18 0
7.98512792587 0 18 0
7.99728703499 0 18 0
8.00967097282 0 18 0
8.02187991142 0 18 0
8.03399300575 0 18 0
8.04657506943 0 18 0
8.05886387825 0 18 0
8.07126498222 0 18 0
8.08366203308 0 18 0
8.09623599052 0 18 0
8.10874509811 0 18 0
8.12127995491 0 18 0
8.13383293152 0 18 0
8.1462290287 0 18 0
8.15864396095 0 18 0
8.17109394073 0 18 0
8.18336892128 0 18 0
8.19554495811 0 18 0
8.20772409439 0 18 0
8.21996998787 0 18 0
8.23215198517 0 18 0
8.24434089661 0 18 0
8.25647997856 0 18 0
8.26867508888 0 18 0
8.28083610535 0 18 0
8.29309797287 0 18 0
8.30519008636 0 18 0
8.31729602814 0 18 0
8.32932901382 0 18 0
8.34143400192 0 18 0
8.35348105431 0 18 0
8.36554002762 0 18 0
8.37756204605 0 18 0
8.38967609406 0 18 0
8.40173602104 0 18 0
8.41369891167 0 18 0
8.42578697205 0 18 0
8.43791508675 0 18 0
8.45006299019 0 18 0
8.46218109131 0 18 0
8.47434806824 0 18 0
8.48654603958 0 18 0
8.49874997139 0 18 0
8.5109629631 0 18 0
8.52324295044 0 18 0
8.53551602364 0 18 0
8.54784798622 0 19 0
8.56004810333 0 19 0
8.57215499878 0 19 0
8.58426499367 0 19 0
8.59642004967 0 19 0
8.60856699944 0 19 0
8.62069392204 0 19 0
8.63287806511 0 19 0
8.64500808716 0 19 0
8.65713691711 0 19 0
8.66922998428 0 19 0
8.68134689331 0 19 0
8.69342494011 0 19 0
8.70576000214 0 19 0
8.71780991554 0 19 0
8.72995400429 0 19 0
8.74216794968 0 19 0
8.7544400692 0 19 0
8.76668691635 0 19 0
8.77898287773 0 19 0
8.79130887985 0 19 0
8.80378198624 0 19 0
8.81638407707 0 19 0
8.82875394821 0 19 0
8.84109997749 0 19 0
8.85333395004 0 19 0
8.86553001404 0 19 0
8.87765192986 0 19 0
8.88977909088 0 19 0
8.90194201469 0 19 0
8.91386508942 0 19 0
8.92596697807 0 19 0
8.93805909157 0 19 0
8.95023798943 0 19 0
8.96245598793 0 19 0
8.97476887703 0 19 0
8.98709988594 0 19 0
8.99949908257 0 19 0
9.01161599159 0 19 0
9.02395701408 0 19 0
9.03671097755 0 19 0
9.04907798767 0 19 0
9.06125402451 0 19 0
9.07343792915 0 19 0
9.08562397957 0 19 0
9.09888887405 0 19 0
9.11103010178 0 19 0
9.12329387665 0 19 0
9.13544487953 0 19 0
9.14788603783 0 19 0
9.16081500053 0 19 0
9.17342400551 0 19 0
9.18569302559 0 19 0
9.19787597656 0 19 0
9.21003508568 0 19 0
9.22224402428 0 19 0
9.23447299004 0 19 0
9.24674701691 0 19 0
9.2588429451 0 19 0
9.27110600471 0 19 0
9.28329586983 0 19 0
9.29634308815 0 19 0
9.30846905708 0 19 0
9.32061696053 0 19 0
9.33270788193 0 19 0
9.34484505653 0 19 0
9.35685396194 0 19 0
9.36890697479 0 19 0
9.38105392456 0 19 0
9.39313101768 0 19 0
9.40519809723 0 19 0
9.4171628952 0 19 0
9.42914390564 0 19 0
9.44114303589 0 19 0
9.45317602158 0 19 0
9.46573591232 0 19 0
9.47787904739 0 19 0
9.48993301392 0 19 0
9.50208902359 0 19 0
9.51425790787 0 19 0
9.52647399902 0 19 0
9.5387969017 0 19 0
9.55189704895 0 19 0
9.56429004669 0 19 0
9.57656788826 0 19 0
9.58879804611 0 19 0
9.60093307495 0 19 0
9.61302709579 0 19 0
9.62509298325 0 19 0
9.637155056 0 19 0
9.64917802811 0 19 0
9.66122293472 0 19 0
9.6733250618 0 19 0
9.68545508385 0 19 0
9.69757008553 0 19 0
9.70964789391 0 19 0
9.72169709206 0 19 0
9.73369598389 0 19 0
9.74567198753 0 19 0
9.75767707825 0 19 0
9.76973009109 0 19 0
9.78183507919 0 19 0
9.79393005371 2 19 0
9.80605101585 0 21 0
9.81814908981 0 21 0
9.83026194572 0 21 0
9.84224510193 0 21 0
9.85425400734 0 21 0
9.86625909805 0 21 0
9.87827205658 0 21 0
9.89018392563 0 21 0
9.90218400955 0 21 0
9.91423487663 0 21 0
9.92616891861 0 21 0
9.93817090988 0 21 0
9.95021891594 0 21 0
9.96223807335 0 21 0
9.97427487373 0 21 0
9.98630905151 0 21 0
9.99832487106 0 21 0
10.0103619099 0 21 0
10.0224990845 0 21 0
10.0343940258 0 21 0
10.0462548733 0 21 0
10.0580859184 0 21 0
10.0699419975 0 21 0
10.0817990303 0 21 0
10.0936539173 0 21 0
10.1054880619 0 21 0
10.1173419952 0 21 0
10.1292169094 0 21 0
10.1411728859 0 22 0
10.1531069279 0 22 0
10.1650459766 0 22 0
10.1769659519 0 22 0
10.1889159679 0 22 0
10.2008450031 0 22 0
10.2127509117 0 22 0
10.2246248722 0 22 0
10.2365319729 0 22 0
10.2484409809 0 22 0
10.260365963 0 22 0
10.2722799778 0 22 0
10.2842240334 0 22 0
10.2961680889 0 22 0
10.3081560135 0 22 0
10.3201210499 0 22 0
10.3320600986 0 22 0
10.343996048 0 22 0
10.3559401035 0 22 0
10.3678400517 0 22 0
10.3797678947 0 22 0
10.3916618824 0 22 0
10.4035680294 0 22 0
10.4154648781 0 22 0
10.4273738861 0 22 0
10.4392800331 0 22 0
10.4511768818 0 22 0
10.4630589485 0 22 0
10.4749839306 0 22 0
10.4868788719 0 22 0
10.498800993 0 22 0
10.5107350349 0 22 0
10.5226268768 0 22 0
10.5345139503 0 22 0
10.5464758873 0 22 0
10.558412075 0 22 0
10.5703670979 0 22 0
10.5823140144 0 22 0
10.5942208767 0 22 0
10.6061210632 0 22 0
10.6180288792 0 22 0
10.6299250126 0 22 0
10.6417849064 0 22 0
10.6536440849 0 22 0
10.6655340195 0 22 0
10.6774129868 0 22 0
10.6892929077 0 22 0
10.7011818886 0 22 0
10.7130799294 0 22 0
10.7249879837 0 22 0
10.7369279861 0 22 0
10.7488570213 0 22 0
10.7607898712 0 22 0
10.7726869583 0 22 0
10.7845890522 0 22 0
10.7964980602 0 22 0
10.8084440231 0 22 0
10.8203630447 0 22 0
10.8322930336 0 22 0
10.8442120552 0 22 0
10.8560910225 0 22 0
10.8679990768 0 22 0
10.8799190521 0 22 0
10.8918259144 0 22 0
10.9037349224 0 22 0
10.915651083 0 22 0
10.9275619984 0 22 0
10.9394578934 0 22 0
10.9513559341 0 22 0
10.9632229805 0 22 0
10.9750950336 0 22 0
10.9870259762 0 22 0
10.9988820553 0 22 0
11.0108430386 0 22 0
11.022867918 0 22 0
11.034897089 0 22 0
11.047082901 0 22 0
11.0592269897 0 22 0
11.0713839531 0 22 0
11.0834479332 0 22 0
11.0955290794 0 22 0
11.1074969769 0 22 0
11.1194939613 0 22 0
11.1314549446 0 22 0
11.1434650421 0 23 0
11.1554908752 0 23 0
11.1675510406 0 23 0
11.1795768738 0 23 0
11.1916000843 0 23 0
11.2036499977 0 23 0
11.2156338692 0 23 0
11.2275750637 0 23 0
11.2395999432 0 23 0
11.2516028881 0 23 0
11.2636060715 0 23 0
11.2755379677 0 23 0
11.2875230312 0 23 0
11.2995119095 0 23 0
11.3115160465 0 23 0
11.3235120773 0 23 0
11.3355529308 0 23 0
11.3475580215 0 23 0
11.3595499992 0 23 0
11.3715450764 0 23 0
11.3836679459 0 23 0
11.3958239555 0 23 0
11.4079129696 0 23 0
11.4200489521 0 23 0
11.4321870804 0 23 0
11.4442789555 0 23 0
11.4563999176 0 23 0
11.4685919285 0 23 0
11.4806029797 0 23 0
11.492636919 0 23 0
11.5046448708 0 23 0
11.5167410374 0 23 0
11.5288350582 0 23 0
11.5409429073 0 23 0
11.5531539917 0 23 0
11.5654439926 0 23 0
11.5777010918 0 23 0
11.5898249149 0 23 0
11.6024620533 0 23 0
11.6151258945 0 23 0
11.6275210381 0 23 0
11.6399180889 0 23 0
11.6519548893 0 23 0
11.6639208794 0 23 0
11.6758360863 0 23 0
11.6877150536 0 23 0
11.6996350288 0 23 0
11.7115530968 0 23 0
11.7234630585 0 23 0
11.7353479862 0 23 0
11.7472538948 0 23 0
11.759139061 0 23 0
11.7710599899 0 23 0
11.7829608917 0 23 0
11.7948799133 0 23 0
11.8067760468 0 23 0
11.8186929226 0 23 0
11.8305659294 0 23 0
11.8424499035 0 23 0
11.8543179035 0 23 0
11.8661379814 0 23 0
11.8779499531 0 23 0
11.8897819519 0 23 0
11.90158391 0 23 0
11.913599968 0 23 0
11.9256830215 0 23 0
11.9377400875 0 23 0
11.9497640133 0 23 0
11.9618768692 0 23 0
11.9741408825 0 23 0
11.9864609241 0 23 0
11.9987199306 0 23 0
12.0110199451 0 23 0
12.0232930183 0 23 0
12.0358819962 0 23 0
12.0484089851 0 23 0
12.0607728958 0 23 0
12.073540926 0 23 0
12.0862700939 0 23 0
12.0987970829 0 23 0
12.1111381054 0 23 0
12.1234869957 0 23 0
12.1361310482 0 23 0
12.1484599113 0 23 0
12.1608090401 0 23 0
12.1731050014 0 23 0
12.1855299473 0 23 0
12.1979329586 0 23 0
12.2102949619 0 23 0
12.2226350307 0 23 0
12.2354018688 0 23 0
12.2479798794 0 23 0
12.2605478764 0 23 0
12.2730600834 0 23 0
12.2854828835 0 23 0
12.2978279591 0 23 0
12.3103609085 0 23 0
12.3228318691 0 23 0
12.335365057 0 23 0
12.3478810787 0 23 0
12.360503912 0 23 0
12.3727018833 0 23 0
12.3849050999 0 23 0
12.3970959187 0 23 0
12.4095289707 0 23 0
12.4218540192 0 23 0
12.4340879917 0 23 0
12.4463489056 0 23 0
12.4586250782 0 23 0
12.4713799953 0 23 0
12.4839298725 0 23 0
12.4962069988 0 23 0
12.5086109638 0 23 0
12.5207309723 0 23 0
12.5331370831 0 23 0
12.5455310345 0 23 0
12.5581169128 0 23 0
12.5705370903 0 23 0
12.5829379559 0 23 0
12.5952749252 0 23 0
12.607683897 0 23 0
12.6199069023 0 23 0
12.6325778961 0 23 0
12.6448340416 0 23 0
12.6571340561 0 23 0
12.6693558693 0 23 0
12.6816489697 0 23 0
12.6941370964 0 23 0
12.7069449425 0 23 0
12.7195279598 0 23 0
12.7320718765 0 23 0
12.7445409298 0 23 0
12.7570490837 0 23 0
12.7699170113 0 23 0
12.7824809551 0 23 0
12.7950270176 0 23 0
12.8075408936 0 23 0
12.8200240135 0 23 0
12.8326230049 0 23 0
12.8452980518 0 23 0
12.8580548763 0 23 0
12.8706948757 0 23 0
12.8833949566 0 23 0
12.8961889744 0 23 0
12.9087519646 0 23 0
12.9214799404 0 23 0
12.9341630936 0 23 0
12.9467689991 0 23 0
12.9593789577 0 23 0
12.9721028805 0 23 0
12.9847130775 0 23 0
12.9974060059 0 23 0
13.0100688934 0 23 0
13.0226578712 0 23 0
13.0353980064 0 23 0
13.0482649803 0 23 0
13.0608959198 0 23 0
13.0735249519 0 23 0
13.0861699581 0 23 0
13.0989220142 0 23 0
13.1116678715 0 23 0
13.1245999336 0 23 0
13.1373679638 0 23 0
13.1498110294 0 23 0
13.1622700691 0 23 0
13.1748259068 0 23 0
13.1875638962 0 23 0
13.2001008987 0 23 0
13.2126550674 0 23 0
13.2251930237 0 23 0
13.2377800941 0 23 0
13.2505779266 0 23 0
13.2633988857 0 23 0
13.2761368752 0 23 0
13.2888228893 0 23 0
13.301445961 0 23 0
13.3143320084 0 23 0
13.327051878 0 23 0
13.3399059772 0 23 0
13.352686882 0 23 0
13.3653309345 0 23 0
13.3781220913 0 23 0
13.3908090591 0 23 0
13.4035639763 0 23 0
13.416287899 0 23 0
13.4289500713 0 23 0
13.4416739941 0 23 0
13.4544100761 0 23 0
13.4671740532 0 23 0
13.4798409939 0 23 0
13.4925649166 0 23 0
13.5053060055 0 23 0
13.5182719231 0 23 0
13.5308818817 0 23 0
13.5435829163 0 23 0
13.5562460423 0 23 0
13.568778038 0 23 0
13.5813820362 0 23 0
13.593982935 0 23 0
13.606441021 0 23 0
13.6190240383 0 23 0
13.6314969063 0 23 0
13.6440050602 0 23 0
13.6563470364 0 23 0
13.6685528755 0 23 0
13.6805639267 0 23 0
13.6925299168 0 23 0
13.7044038773 0 23 0
13.7162969112 0 23 0
13.728194952 0 23 0
13.7401459217 0 23 0
13.7520620823 0 23 0
13.7639970779 0 23 0
13.7759149075 0 23 0
13.7879359722 0 23 0
13.799861908 0 23 0
13.8118460178 0 23 0
13.8244569302 0 23 0
13.8367090225 0 23 0
13.8489420414 0 23 0
13.8614079952 0 23 0
13.8738229275 0 23 0
13.8861179352 0 23 0
13.8985950947 0 23 0
13.9111580849 0 23 0
13.923593998 0 23 0
13.9359259605 0 23 0
13.9481389523 0 23 0
13.9604959488 0 23 0
13.9727349281 0 23 0
13.9857270718 0 23 0
13.9991340637 0 23 0
14.0120739937 0 23 0
14.0252659321 0 23 0
14.0419249535 0 23 0
14.0556590557 0 23 0
14.0692460537 0 23 0
14.0827310085 0 23 0
14.0961420536 0 23 0
14.1093928814 0 23 0
14.1228239536 0 23 0
14.1353809834 0 23 0
14.1481359005 0 23 0
14.1607420444 0 23 0
14.1738710403 0 23 0
14.1865561008 0 23 0
14.1993439198 0 23 0
14.2122850418 0 23 0
14.2269370556 0 23 0
14.2404270172 0 23 0
14.2541379929 0 23 0
14.2679269314 0 23 0
14.2818720341 0 23 0
14.2954330444 0 23 0
14.3087739944 0 23 0
14.3222420216 0 23 0
14.3357520103 0 23 0
14.3491590023 0 23 0
14.3624870777 0 23 0
14.3758819103 0 23 0
14.3890590668 0 23 0
14.4019711018 0 23 0
14.4149689674 0 23 0
14.4284329414 0 23 0
14.4420230389 0 23 0
14.4555909634 0 23 0
14.4692409039 0 23 0
14.4833950996 0 23 0
14.4969658852 0 23 0
14.5106859207 0 23 0
14.5243899822 0 23 0
14.5373950005 0 23 0
14.5505280495 0 23 0
14.5633759499 0 23 0
14.5762479305 0 23 0
14.5890660286 0 23 0
14.6017038822 0 25 0
14.6149880886 0 25 0
14.6281950474 0 25 0
14.6414408684 0 25 0
14.6541690826 0 25 0
14.6674470901 0 25 0
14.6807980537 0 25 0
14.6944210529 0 25 0
14.7078859806 0 25 0
14.7212879658 0 25 0
14.7348330021 0 25 0
14.7483320236 0 25 0
14.7614469528 0 25 0
14.7748930454 0 25 0
14.7882750034 0 25 0
14.801555872 0 25 0
14.8147859573 0 25 0
14.8279440403 0 25 0
14.8412370682 0 25 0
14.8544940948 0 25 0
14.8678760529 0 25 0
14.8812880516 0 25 0
14.8946380615 0 25 0
14.907957077 0 25 0
14.9211010933 0 25 0
14.9342980385 0 25 0
14.9473760128 0 25 0
14.9604690075 0 25 0
14.9736270905 0 25 0
14.9867219925 0 25 0
15.0000479221 0 25 0
15.0132830143 0 25 0
15.0267789364 0 25 0
15.0400619507 0 25 0
15.053178072 0 25 0
15.0663208961 0 25 0
15.0794398785 0 25 0
15.0920550823 0 25 0
15.1047120094 0 25 0
15.1173079014 0 25 0
15.1297740936 0 25 0
15.1416471004 0 26 0
15.1535620689 0 26 0
15.1655089855 0 26 0
15.1773998737 0 26 0
15.1908740997 0 26 0
15.203414917 0 26 0
15.2159481049 0 26 0
15.228497982 0 26 0
15.2410230637 0 26 0
15.2535579205 0 26 0
15.2661108971 0 26 0
15.2786278725 0 26 0
15.2905600071 0 26 0
15.3025140762 0 26 0
15.3144359589 0 26 0
15.3263890743 0 26 0
15.3388299942 0 26 0
15.3508760929 0 26 0
15.3627440929 0 26 0
15.3757340908 0 26 0
15.3893239498 0 26 0
15.4034690857 0 26 0
15.4172968864 0 26 0
15.4300079346 0 26 0
15.442636013 0 26 0
15.4553189278 0 26 0
15.4689610004 0 26 0
15.4826688766 0 26 0
15.4959049225 0 26 0
15.5094060898 0 26 0
15.522799015 0 26 0
15.5360379219 0 26 0
15.5493068695 0 26 0
15.5627660751 0 26 0
15.5760390759 0 26 0
15.5891048908 0 26 0
15.6022510529 0 26 0
15.615541935 0 26 0
15.6287410259 0 26 0
15.6418859959 0 26 0
15.6550009251 0 26 0
15.6680278778 0 26 0
15.6809740067 0 26 0
15.6940689087 0 26 0
15.7072749138 0 26 0
15.7203719616 0 26 0
15.7334010601 0 26 0
15.7463319302 0 26 0
15.7591669559 0 26 0
15.7721030712 0 26 0
15.7848820686 0 26 0
15.7978379726 0 26 0
15.8105769157 0 26 0
15.8230650425 0 26 0
15.8354659081 0 26 0
15.8478839397 0 26 0
15.860311985 0 26 0
15.8724350929 0 26 0
15.8845310211 0 26 0
15.8968670368 0 26 0
15.9092459679 0 26 0
15.9216730595 0 26 0
15.9340219498 0 26 0
15.9464170933 0 26 0
15.9588170052 0 26 0
15.9711968899 0 26 0
15.9841549397 0 26 0
15.9975240231 0 26 0
16.0105290413 0 26 0
16.0236558914 0 26 0
16.036730051 0 26 0
16.0498270988 0 26 0
16.0626730919 0 26 0
16.0754959583 0 26 0
16.0883309841 0 26 0
16.1008648872 0 26 0
16.1137359142 0 26 0
16.1260280609 0 26 0
16.1388559341 0 26 0
16.1514360905 0 26 0
16.1640350819 0 26 0
16.1774230003 0 26 0
16.1903300285 0 26 0
16.2031579018 0 26 0
16.2158379555 0 26 0
16.2283380032 0 26 0
16.2407689095 0 26 0
16.2533800602 0 26 0
16.2658159733 0 26 0
16.2780408859 0 26 0
16.290364027 0 26 0
16.3027560711 0 26 0
16.3149840832 0 26 0
16.3268959522 0 26 0
16.3387758732 0 26 0
16.3506569862 0 26 0
16.3625218868 0 26 0
16.3744108677 0 26 0
16.3871190548 0 26 0
16.400562048 0 26 0
16.4133739471 0 26 0
16.4262850285 0 26 0
16.4388179779 0 26 0
16.4511530399 0 26 0
16.4634599686 0 26 0
16.475851059 0 26 0
16.4881620407 0 26 0
16.5005819798 0 26 0
16.5130300522 0 26 0
16.5255219936 0 26 0
16.5378439426 0 26 0
16.5502450466 0 26 0
16.5626120567 0 26 0
16.574958086 0 26 0
16.5873339176 0 26 0
16.5996909142 0 26 0
16.6120200157 0 26 0
16.6244010925 0 26 0
16.6374559402 0 26 0
16.6505069733 0 26 0
16.6634020805 0 26 0
16.6759009361 0 26 0
16.6881990433 0 26 0
16.7014029026 0 26 0
16.7142949104 0 26 0
16.7275300026 0 26 0
16.7400979996 0 26 0
16.7525100708 0 26 0
16.7651810646 0 26 0
16.7775321007 0 26 0
16.7897288799 0 26 0
16.8028559685 0 26 0
16.8159599304 0 26 0
16.8279290199 0 26 0
16.8399760723 0 26 0
16.8524670601 0 26 0
16.8644080162 0 26 0
16.8763020039 0 26 0
16.8887429237 0 26 0
16.9008829594 0 26 0
16.9137339592 0 26 0
16.9261898994 0 26 0
16.9385530949 0 26 0
16.9510369301 0 26 0
16.9627010822 0 26 0
16.9743731022 0 26 0
16.9860398769 0 26 0
16.9977068901 0 26 0
17.0093460083 0 26 0
17.0210180283 0 26 0
17.032845974 0 26 0
17.0450980663 0 26 0
17.0569419861 0 26 0
17.0691840649 0 26 0
17.0809400082 0 26 0
17.0928339958 0 26 0
17.1052260399 0 26 0
17.1175100803 0 26 0
17.1292080879 0 26 0
17.1411299706 0 26 0
17.1535210609 0 26 0
17.1658689976 0 26 0
17.178098917 0 26 0
17.1898698807 0 26 0
17.2016429901 0 26 0
17.2145359516 0 26 0
17.2279191017 0 26 0
17.2404530048 0 26 0
17.2528529167 0 26 0
17.2652618885 0 26 0
17.277602911 0 26 0
17.2900230885 0 26 0
17.3023779392 0 26 0
17.3147289753 0 26 0
17.3270709515 0 26 0
17.3394629955 0 26 0
17.3518280983 0 26 0
17.3642680645 0 26 0
17.3766539097 0 26 0
17.3891038895 0 26 0
17.4014089108 0 26 0
17.413613081 0 26 0
17.4258270264 0 26 0
17.4392549992 0 26 0
17.4521799088 0 26 0
17.4640090466 0 26 0
17.476334095 0 26 0
17.4893519878 0 26 0
17.5017240047 0 26 0
17.5135068893 0 26 0
17.5252859592 0 26 0
17.537113905 0 26 0
17.5488929749 0 26 0
17.5607829094 0 26 0
17.5729999542 0 26 0
17.5848679543 0 26 0
17.5970790386 0 26 0
17.6094059944 0 26 0
17.6216778755 0 26 0
17.6338579655 0 26 0
17.6455550194 0 26 0
17.6572670937 0 26 0
17.6689279079 0 26 0
17.6805739403 0 26 0
17.6922569275 0 26 0
17.7047278881 0 26 0
17.7172338963 0 26 0
17.729829073 0 26 0
17.7435228825 0 26 0
17.7570209503 0 26 0
17.7703449726 0 26 0
17.7838270664 0 26 0
17.7972428799 0 26 0
17.8108129501 0 26 0
17.8243510723 0 26 0
17.8377940655 0 26 0
17.8510410786 0 26 0
17.864374876 0 26 0
17.877710104 0 26 0
17.8908438683 0 26 0
17.9043719769 0 26 0
17.9175438881 0 26 0
17.9306750298 0 26 0
17.9437549114 0 26 0
17.9568228722 0 26 0
17.9697580338 0 26 0
17.9827818871 0 26 0
17.9958388805 0 26 0
18.0086860657 0 26 0
18.0215768814 0 26 0
18.034432888 0 26 0
18.0478849411 0 26 0
18.0607159138 0 26 0
18.0737009048 0 26 0
18.0868020058 0 26 0
18.0994989872 0 26 0
18.1121110916 0 26 0
18.1242089272 0 26 0
18.1364240646 0 26 0
18.149533987 0 26 0
18.162831068 0 26 0
18.1763679981 0 26 0
18.1893379688 0 26 0
18.2028360367 0 26 0
18.2163739204 0 26 0
18.2296969891 0 26 0
18.2430660725 0 26 0
18.2567129135 0 26 0
18.2700479031 0 26 0
18.2836060524 0 26 0
18.2970650196 0 26 0
18.3104460239 0 26 0
18.3238461018 0 26 0
18.338506937 0 26 0
18.3522548676 0 26 0
18.3658590317 0 26 0
18.3793590069 0 26 0
18.3921170235 0 26 0
18.405397892 0 26 0
18.4186589718 0 26 0
18.4317080975 0 26 0
18.4451138973 0 26 0
18.4584040642 0 26 0
18.4713959694 0 26 0
18.4841449261 0 26 0
18.4980130196 0 26 0
18.5116100311 0 26 0
18.5252120495 0 26 0
18.53865695 0 26 0
18.5520448685 0 26 0
18.5650389194 0 26 0
18.5782949924 0 26 0
18.5914020538 0 26 0
18.6045351028 0 26 0
18.6174259186 0 26 0
18.630245924 0 26 0
18.6430020332 0 26 0
18.656056881 0 26 0
18.668982029 0 26 0
18.6816999912 0 26 0
18.6948308945 0 26 0
18.7079629898 0 26 0
18.7212760448 0 26 0
18.7345609665 0 26 0
18.7470760345 0 26 0
18.7602500916 0 26 0
18.7739050388 0 26 0
18.7865269184 0 26 0
18.80042696 0 26 0
18.8130450249 0 26 0
18.8255660534 0 26 0
18.8378789425 0 26 0
18.8499009609 0 26 0
18.861923933 0 26 0
18.8739230633 0 26 0
18.8859100342 0 26 0
18.8978219032 0 26 0
18.9097878933 0 26 0
18.9216930866 0 26 0
18.9335570335 0 26 0
18.9454729557 0 26 0
18.9589529037 0 26 0
18.9719779491 0 26 0
18.9845249653 0 26 0
18.9969620705 0 26 0
19.0095288754 0 26 0
19.0214540958 0 26 0
19.0342240334 0 26 0
19.0479419231 0 26 0
19.0618391037 0 26 0
