0.00258493423462 1 0
0.015389919281 1 0
0.0280411243439 1 0
0.0401210784912 1 0
0.0521700382233 1 0
0.0642211437225 1 0
0.0762691497803 1 0
0.0888271331787 1 0
0.102261066437 1 0
0.115234136581 1 0
0.127892017365 1 0
0.140243053436 1 0
0.153422117233 1 0
0.165719985962 1 0
0.1781270504 1 0
0.190470933914 1 0
0.202897071838 1 0
0.215078115463 1 0
0.227420091629 1 0
0.239844083786 1 0
0.252112150192 1 0
0.264871120453 1 0
0.277681112289 1 0
0.290509939194 1 0
0.303672075272 1 0
0.316724061966 1 0
0.330574989319 1 0
0.344821929932 1 0
0.358662128448 1 0
0.372334003448 1 0
0.385448932648 2 0
0.398805141449 2 0
0.41210103035 2 0
0.425310134888 2 0
0.438465118408 2 0
0.452101945877 2 0
0.465516090393 2 0
0.479321956635 2 0
0.493319988251 2 0
0.507008075714 2 0
0.5210750103 2 0
0.534795999527 2 0
0.548681020737 2 0
0.561933994293 2 0
0.57541012764 2 0
0.588892936707 2 0
0.602595090866 2 0
0.616188049316 2 0
0.629749059677 2 0
0.643388032913 2 0
0.657285928726 2 0
0.670962095261 2 0
0.684402942657 2 0
0.69798207283 2 0
0.71154499054 2 0
0.724895000458 2 0
0.738121032715 2 0
0.751456022263 2 0
0.764276027679 2 0
0.776935100555 2 0
0.78994512558 2 0
0.802535057068 2 0
0.814592123032 2 0
0.826821088791 2 0
0.838725090027 2 0
0.850634098053 2 0
0.862718105316 2 0
0.87491607666 2 0
0.886980056763 2 0
0.899310112 2 0
0.911287069321 2 0
0.923381090164 2 0
0.93540096283 2 0
0.947401046753 2 0
0.959399938583 2 0
0.971392154694 2 0
0.983471155167 4 0
0.995479106903 4 0
1.00754499435 4 0
1.01955914497 4 0
1.03169703484 4 0
1.0437309742 4 0
1.05578303337 4 0
1.06776809692 4 0
1.07983803749 4 0
1.09185504913 4 0
1.10404014587 4 0
1.11607503891 4 0
1.12828302383 4 0
1.1405069828 4 0
1.15258407593 4 0
1.16460609436 4 0
1.1766140461 4 0
1.18870806694 4 0
1.20089197159 4 0
1.21307992935 4 0
1.22518396378 4 0
1.23722314835 4 0
1.24980807304 4 0
1.26307201385 4 0
1.27535104752 4 0
1.28746414185 4 0
1.29959201813 4 0
1.31164598465 4 0
1.32381892204 4 0
1.33609509468 4 0
1.34855294228 4 0
1.36086297035 4 0
1.3737180233 4 0
1.3859000206 4 0
1.39844107628 4 0
1.41058802605 4 0
1.42326712608 4 0
1.43582010269 4 0
1.4480509758 4 0
1.46048212051 4 0
1.47270798683 4 0
1.48508214951 4 0
1.49729299545 4 0
1.50944209099 4 0
1.52161312103 4 0
1.53381204605 4 0
1.54575705528 4 0
1.55768203735 4 0
1.56961393356 4 0
1.58164000511 4 0
1.59394598007 4 0
1.60625314713 4 0
1.61847996712 4 0
1.63064908981 4 0
1.64276504517 4 0
1.6551220417 4 0
1.66750097275 4 0
1.67990994453 4 0
1.692248106 4 0
1.70445108414 4 0
1.71649312973 4 0
1.7284860611 4 0
1.74049401283 4 0
1.75246906281 4 0
1.76446509361 4 0
1.77646613121 4 0
1.78846406937 4 0
1.80043411255 4 0
1.81243991852 4 0
1.82438611984 4 0
1.83635401726 4 0
1.84847593307 4 0
1.86059498787 4 0
1.87268304825 4 0
1.88472008705 4 0
1.89695501328 4 0
1.90936613083 4 0
1.92175412178 4 0
1.93414592743 4 0
1.94656300545 4 0
1.95875811577 4 0
1.97119998932 5 0
1.98333406448 5 0
1.99586892128 5 0
2.0082359314 5 0
2.02153706551 5 0
2.03443598747 5 0
2.0471560955 5 0
2.05967497826 5 0
2.07211208344 5 0
2.08550405502 5 0
2.09967494011 5 0
2.11322903633 5 0
2.12702298164 5 0
2.14105892181 5 0
2.15549707413 5 0
2.16858196259 5 0
2.18230104446 5 0
2.19558596611 5 0
2.20937395096 5 0
2.22310709953 5 0
2.23662996292 5 0
2.25047707558 5 0
2.26390194893 5 0
2.27783107758 5 0
2.29179596901 5 0
2.30533099174 5 0
2.3185801506 5 0
2.331772089 5 0
2.34584307671 5 0
2.3600461483 5 0
2.3741209507 5 0
2.38798213005 5 0
2.40152406693 5 0
2.41544795036 5 0
2.42922210693 5 0
2.44317913055 5 0
2.4572031498 5 0
2.47091293335 5 0
2.48471593857 5 0
2.49822592735 5 0
2.51160001755 5 0
2.52514600754 5 0
2.53872299194 5 0
2.55203413963 5 0
2.56592392921 5 0
2.57958912849 5 0
2.59356403351 5 0
2.60734701157 5 0
2.620855093 5 0
2.63482499123 5 0
2.64818501472 5 0
2.66171503067 5 0
2.67502903938 5 0
2.68840193748 5 0
2.70221996307 5 0
2.71587300301 5 0
2.72949099541 5 0
2.74302601814 5 0
2.75646805763 5 0
2.76977610588 5 0
2.78365206718 5 0
2.79718804359 5 0
2.81076002121 5 0
2.82489109039 5 0
2.83857607841 5 0
2.85219502449 5 0
2.86585903168 5 0
2.87962508202 5 0
2.89288806915 5 0
2.90622496605 5 0
2.91940808296 5 0
2.93264913559 5 0
2.94583010674 5 0
2.95908498764 5 0
2.97227597237 5 0
2.98544812202 5 0
2.99873304367 5 0
3.01190304756 5 0
3.0250389576 5 0
3.0380089283 5 0
3.05095911026 5 0
3.06389307976 5 0
3.07688713074 5 0
3.09028315544 5 0
3.10373210907 5 0
3.1169719696 5 0
3.13025712967 5 0
3.14349603653 5 0
3.15688514709 5 0
3.17009711266 5 0
3.18318009377 5 0
3.19614911079 5 0
3.2088971138 5 0
3.22177314758 5 0
3.2344429493 5 0
3.24702596664 5 0
3.25971293449 5 0
3.2722671032 5 0
3.28472614288 5 0
3.29730892181 5 0
3.30987501144 5 0
3.32244515419 5 0
3.33501696587 5 0
3.34762406349 5 0
3.35983109474 5 0
3.37187695503 5 0
3.3844730854 5 0
3.39700698853 5 0
3.40950012207 5 0
3.42146611214 5 0
3.43340992928 5 0
3.44591999054 5 0
3.45839810371 5 0
3.47091197968 5 0
3.48346996307 5 0
3.49592900276 5 0
3.50789499283 5 0
3.51985001564 5 0
3.53181004524 5 0
3.54385399818 5 0
3.55582308769 5 0
3.56780195236 5 0
3.58034014702 5 0
3.59290504456 5 0
3.60595011711 5 0
3.61853194237 5 0
3.63111996651 5 0
3.64377999306 5 0
3.65631198883 5 0
3.66890192032 5 0
3.68151903152 5 0
3.69414591789 5 0
3.70680713654 5 0
3.71962714195 5 0
3.73235011101 5 0
3.74504303932 5 0
3.75808310509 5 0
3.7705950737 5 0
3.78297114372 5 0
3.79536414146 5 0
3.80794501305 5 0
3.82014703751 5 0
3.83264112473 5 0
3.84506797791 5 0
3.85779905319 5 0
3.87019205093 5 0
3.8825750351 5 0
3.8949649334 5 0
3.90731811523 5 0
3.91966700554 5 0
3.93205904961 5 0
3.9445669651 5 0
3.95736813545 5 0
3.96994614601 5 0
3.98263692856 5 0
3.99535298347 5 0
4.00801610947 5 0
4.02075099945 5 0
4.0332839489 5 0
4.04585695267 5 0
4.05845713615 5 0
4.07163906097 5 0
4.08411502838 5 0
4.09674096107 5 0
4.10995411873 5 0
4.1233689785 5 0
4.13604998589 5 0
4.14917302132 5 0
4.16232609749 5 0
4.17500805855 5 0
4.1875500679 5 0
4.20091915131 5 0
4.21372914314 5 0
4.2258169651 5 0
4.23869395256 5 0
4.25088000298 5 0
4.26317310333 5 0
4.27663397789 5 0
4.28980708122 5 0
4.30299305916 5 0
4.31616806984 5 0
4.32968401909 5 0
4.34299492836 5 0
4.35644292831 5 0
4.3700799942 5 0
4.38366413116 5 0
4.39667010307 5 0
4.40933394432 5 0
4.42203402519 5 0
4.43473696709 5 0
4.44767713547 5 0
4.4604139328 5 0
4.47336697578 5 0
4.48586893082 5 0
4.49816203117 5 0
4.51015901566 5 0
4.52345895767 5 0
4.53689312935 5 0
4.54942393303 5 0
4.56230711937 5 0
4.57606911659 5 0
4.58977007866 5 0
4.60328197479 5 0
4.61601901054 5 0
4.62863111496 5 0
4.64268803596 5 0
4.65592503548 5 0
4.66942691803 5 0
4.68215894699 5 0
4.69556808472 5 0
4.70893001556 5 0
4.72206497192 5 0
4.73528409004 5 0
4.74846601486 5 0
4.76185107231 5 0
4.77532315254 5 0
4.78815603256 5 0
4.80088210106 5 0
4.81369400024 5 0
4.82718396187 5 0
4.84074497223 5 0
4.8538351059 5 0
4.86711502075 5 0
4.88004302979 5 0
4.89273810387 5 0
4.90595507622 5 0
4.92060399055 5 0
4.93446207047 5 0
4.94885993004 5 0
4.96195197105 5 0
4.9755461216 5 0
4.98917412758 6 0
5.00247597694 6 0
5.0164680481 6 0
5.02999997139 6 0
5.04330801964 6 0
5.05630493164 6 0
5.06988596916 6 0
5.0828640461 6 0
5.09589409828 6 0
5.10903000832 6 0
5.1217520237 8 0
5.13400912285 9 0
5.14618992805 9 1
5.15831398964 9 1
5.17036604881 9 1
5.18238806725 9 3
5.19445896149 9 3
5.20654606819 9 4
5.21867203712 9 4
5.2307779789 9 4
5.24289107323 9 5
5.25499010086 9 5
5.26713895798 9 5
5.27941608429 9 5
5.29158115387 9 8
5.30368900299 9 8
5.31584310532 9 8
5.32789897919 9 8
5.33995604515 9 8
5.35200309753 9 8
5.36413407326 9 9
5.37623000145 9 9
5.38833093643 9 11
5.40038895607 9 11
5.41244411469 9 11
5.42448496819 9 11
5.43651604652 9 11
5.44860696793 9 11
5.46064209938 9 11
5.47262001038 9 11
5.48465108871 9 13
5.49665904045 9 13
5.50887298584 9 13
5.5209209919 9 13
5.53298997879 9 13
5.54502511024 9 13
5.5571000576 9 13
5.5691640377 9 13
5.58140707016 9 15
5.5934741497 9 16
5.6055419445 9 16
5.61760210991 9 16
5.62968492508 9 16
5.64176392555 9 16
5.65383696556 9 16
5.66590213776 9 16
5.6779820919 9 16
5.69055509567 9 18
5.70326304436 9 18
5.7155380249 9 18
5.72795009613 9 18
5.74010109901 9 18
5.75230002403 9 18
5.76451206207 9 18
5.77674102783 9 18
5.78921198845 9 20
5.8014190197 9 20
5.81385803223 9 20
5.82617592812 9 20
5.83860111237 9 20
5.85096907616 9 20
5.86328792572 9 20
5.87574315071 9 20
5.88800907135 9 22
5.90038204193 9 22
5.91289305687 9 22
5.9253180027 9 22
5.93785715103 9 22
5.95036411285 9 22
5.96301794052 9 22
5.9756629467 9 22
5.98815798759 9 24
6.00082993507 9 24
6.01328396797 9 24
6.02583599091 9 24
6.03814291954 9 24
6.0502269268 9 24
6.06283593178 9 24
6.07508993149 9 24
6.08740401268 9 26
6.0997030735 9 26
6.11188197136 9 26
6.12406206131 9 26
6.13637495041 9 26
6.14874410629 9 26
6.16106700897 9 26
6.17341208458 9 26
6.18604803085 9 28
6.19850111008 9 29
6.21101593971 9 29
6.22386598587 9 29
6.23659896851 9 29
6.24899101257 9 29
6.26147508621 9 29
6.27396798134 9 29
6.28680801392 9 31
6.29917097092 9 31
6.31144309044 9 31
6.32398605347 9 31
6.33665800095 9 31
6.34919309616 9 31
6.36151814461 9 31
6.37393903732 9 31
6.3863260746 11 31
6.39944505692 11 31
6.41152596474 11 31
6.42373108864 11 31
6.4358830452 11 31
6.44849801064 11 31
6.46081900597 11 31
6.47357392311 11 31
6.4860291481 13 31
6.49850797653 13 31
6.51074695587 13 31
6.52370500565 13 31
6.53655004501 13 31
6.54931902885 13 31
6.56237101555 13 31
6.57526302338 13 31
6.58794999123 15 31
6.60066604614 15 31
6.61342406273 15 31
6.62599015236 15 31
6.6382329464 15 31
6.65077114105 15 31
6.66315698624 15 31
6.67556214333 15 31
6.68786907196 17 31
6.70007205009 17 31
6.71220207214 17 31
6.72434711456 17 31
6.73651409149 17 31
6.74863505363 17 31
6.76072597504 17 31
6.77281093597 17 31
6.78485202789 17 31
6.79691314697 19 31
6.80895400047 19 31
6.82105493546 19 31
6.83309793472 19 31
6.84517407417 19 31
6.85724711418 19 31
6.86936092377 19 31
6.88148498535 19 31
6.89366698265 21 31
6.90561699867 21 31
6.91758108139 21 31
6.92953395844 21 31
6.9414999485 21 31
6.95345306396 21 31
6.96545410156 21 31
6.97741699219 21 31
6.98937702179 23 31
7.00128507614 23 31
7.01318192482 23 31
7.02507996559 23 31
7.03699398041 23 31
7.04890203476 23 31
7.06082296371 23 31
7.07273602486 23 31
7.08461999893 23 31
7.09650397301 25 31
7.10841703415 25 31
7.1203930378 25 31
7.13236713409 25 31
7.14437913895 25 31
7.15636396408 25 31
7.16835999489 25 31
7.18036413193 25 31
7.19233608246 27 31
7.20432209969 27 31
7.2162899971 27 31
7.22827601433 27 31
7.24030399323 27 31
7.2523150444 27 31
7.26431894302 27 31
7.27633595467 27 31
7.28833007812 27 32
7.30032110214 27 33
7.31228303909 27 33
7.32429099083 27 33
7.3362929821 27 33
7.34830594063 27 33
7.36022305489 27 33
7.37236499786 27 33
7.3844461441 27 33
7.39650797844 27 36
7.4083480835 27 36
7.42026209831 27 36
7.43218708038 27 36
7.44410514832 27 36
7.45601010323 27 36
7.46791100502 27 36
7.47984313965 27 36
7.49178004265 27 38
7.50371313095 27 38
7.51560497284 27 38
7.52746295929 27 38
7.53934907913 27 38
7.55124998093 27 38
7.563174963 27 38
7.57507896423 27 38
7.58696603775 27 38
7.5988380909 27 40
7.61071205139 27 40
7.62258696556 27 40
7.63445591927 27 40
7.64635205269 27 40
7.65824794769 27 40
7.67014193535 27 40
7.68205809593 27 40
7.69394803047 27 42
7.70586895943 27 42
7.71780204773 27 42
7.72974896431 27 42
7.74163508415 27 42
7.75347709656 27 42
7.76534414291 27 42
7.77724909782 27 42
7.78913807869 27 42
7.8010430336 29 42
7.81291294098 29 42
7.82483100891 29 42
7.83675408363 29 42
7.84865403175 29 42
7.86061000824 29 42
7.8727710247 29 42
7.88489603996 29 42
7.89717102051 31 42
7.90913510323 31 42
7.92121911049 31 42
7.93324494362 31 42
7.94557905197 31 42
7.95772910118 31 42
7.96991300583 31 42
7.98222208023 31 42
7.99455404282 33 42
8.0067679882 33 42
8.01899695396 33 42
8.03145909309 33 42
8.04383993149 33 42
8.0561439991 33 42
8.06859493256 33 42
8.0810379982 33 42
8.09339904785 35 42
8.10579395294 35 42
8.11812400818 35 42
8.13044309616 35 42
8.14277410507 35 42
8.15509200096 35 42
8.1672539711 35 42
8.17932105064 35 42
8.19150114059 35 42
8.2036049366 37 42
8.2157459259 37 42
8.22787213326 37 42
8.23996901512 37 42
8.25205111504 37 42
8.26424098015 37 42
8.27639293671 37 42
8.28857803345 37 42
8.30068492889 39 42
8.31280994415 39 42
8.3248591423 39 42
8.33693599701 39 42
8.34899806976 39 42
8.36105394363 39 42
8.37307405472 39 42
8.3851621151 39 42
8.39724111557 40 43
8.40929603577 40 43
8.4213950634 40 43
8.43349003792 40 43
8.44562196732 40 43
8.45775294304 40 43
8.46989703178 40 43
8.48210191727 40 43
8.49430298805 40 45
8.50654411316 40 45
8.51883792877 40 45
8.53116297722 40 45
8.54338908195 40 45
8.55559015274 40 45
8.56770706177 40 45
8.57982492447 40 45
8.59197306633 40 45
8.60408210754 40 47
8.61625695229 40 47
8.62846899033 40 47
8.64057803154 40 47
8.65272212029 40 47
8.66481995583 40 47
8.67690014839 40 47
8.68899798393 40 47
8.70116496086 40 49
8.71327805519 40 49
8.72547101974 40 49
8.73769497871 40 49
8.74999094009 40 49
8.76224303246 40 49
8.77456307411 40 49
8.78691411018 40 49
8.79925394058 40 51
8.81164813042 40 51
8.82411313057 40 51
8.83704805374 40 51
8.84931111336 40 51
8.86137700081 40 51
8.87345600128 40 51
8.88552212715 40 51
8.89769506454 41 52
8.90961503983 41 52
8.92194509506 41 52
8.93389701843 41 52
8.94605994225 41 52
8.95824408531 41 52
8.97074198723 41 52
8.98315906525 41 52
8.99545192719 44 52
9.00774002075 44 52
9.01994895935 44 52
9.03215098381 44 52
9.04455399513 44 52
9.0567419529 44 52
9.06892609596 44 52
9.0811009407 44 52
9.09348011017 44 52
9.10577106476 46 52
9.11851906776 46 52
9.13074612617 46 52
9.14309215546 46 52
9.15569806099 46 52
9.16829204559 46 52
9.18057799339 46 52
9.19284701347 46 52
9.20508408546 48 52
9.21719694138 48 52
9.22936296463 48 52
9.24160194397 48 52
9.25408196449 48 52
9.26646304131 48 52
9.27864408493 48 52
9.29100608826 48 52
9.30325007439 50 52
9.31558394432 50 52
9.32778000832 50 52
9.33998203278 50 52
9.35203099251 50 52
9.36410498619 50 52
9.37622308731 50 52
9.38832807541 50 52
9.40042495728 52 52
9.41237807274 52 52
9.42436909676 52 52
9.43638205528 52 52
9.44847893715 52 52
9.46060609818 52 52
9.47272801399 52 52
9.48475503922 52 52
9.49694395065 52 52
9.50916099548 54 52
9.52171492577 54 52
9.53400206566 54 52
9.54629611969 54 52
9.55862998962 54 52
9.57083392143 54 52
9.5829679966 54 52
9.59498095512 54 52
9.60695505142 56 52
9.61892294884 56 52
9.63086700439 56 52
9.64281010628 56 52
9.65475511551 56 52
9.66678905487 56 52
9.67882204056 56 52
9.69083714485 56 52
9.70280408859 58 52
9.71473693848 58 52
9.72669506073 58 52
9.73864197731 58 52
9.75060009956 58 52
9.76255106926 58 52
9.77456402779 58 52
9.78656506538 58 52
9.79856610298 59 52
9.81057310104 61 52
9.82258200645 61 52
9.834430933 61 52
9.84633612633 61 52
9.85816192627 61 52
9.86999511719 61 52
9.8819000721 61 52
9.89380192757 61 52
9.90580892563 63 52
9.91780114174 63 52
9.92972207069 63 52
9.94164705276 63 52
9.95350813866 63 52
9.96537709236 63 52
9.97723698616 63 52
9.98905801773 63 52
10.0008399487 64 53
10.0126960278 64 53
10.0245330334 64 53
10.0363800526 64 53
10.0482280254 64 53
10.0600149632 64 53
10.0718269348 64 53
10.08365798 64 53
10.0954771042 64 53
10.1073191166 64 55
10.1191620827 64 55
10.1310100555 64 55
10.1428251266 64 56
10.154681921 64 56
10.1665799618 64 56
10.1784780025 64 56
10.1903340816 64 56
10.202203989 64 58
10.2141609192 64 58
10.2260169983 64 58
10.2379100323 64 58
10.2499010563 64 58
10.2617919445 64 58
10.2736949921 64 58
10.2856349945 64 58
10.2976000309 64 58
10.3095531464 64 60
10.3215241432 64 60
10.3334960938 64 60
10.345416069 64 60
10.3572771549 64 60
10.3691489697 64 60
10.381016016 64 60
10.3928620815 64 60
10.4047060013 64 62
10.4165761471 64 62
10.4284300804 64 62
10.4403591156 64 62
10.452270031 64 62
10.4641361237 64 62
10.4759969711 64 62
10.4878690243 64 62
10.4997739792 64 62
10.5117080212 66 62
10.5236070156 66 62
10.535517931 66 62
10.5474741459 66 62
10.5594251156 66 62
10.571365118 66 62
10.5833239555 66 62
10.595195055 66 62
10.6070921421 68 62
10.618981123 68 62
10.6308701038 68 62
10.6426870823 68 62
10.6545491219 68 62
10.6664559841 68 62
10.6783311367 68 62
10.6902499199 68 62
10.7021329403 68 62
10.7140319347 70 62
10.7259280682 70 62
10.7378180027 70 62
10.7497150898 70 62
10.7615871429 70 62
10.7734589577 70 62
10.7853569984 70 62
10.7972609997 70 62
10.8091671467 72 62
10.8210711479 72 62
10.8329489231 72 62
10.8448131084 72 62
10.8566820621 72 62
10.8685619831 72 62
10.8804249763 72 62
10.8923239708 72 62
10.904209137 74 62
10.9160990715 74 62
10.9279959202 74 62
10.9398779869 74 62
10.9517979622 74 62
10.9636731148 74 62
10.9755470753 74 62
10.987445116 74 62
10.9993491173 74 62
11.0114381313 76 62
11.0235459805 76 62
11.0356280804 76 62
11.0478041172 76 62
11.0599420071 76 62
11.0719511509 76 62
11.0838849545 76 62
11.0958781242 76 62
11.1078660488 78 62
11.1199219227 78 62
11.1319580078 78 62
11.1438660622 79 62
11.1558129787 79 62
11.1677451134 79 62
11.17969203 79 62
11.1916339397 79 62
11.2035679817 79 62
11.2155849934 81 62
11.2276041508 81 62
11.2395429611 81 62
11.2514500618 81 62
11.2633609772 81 62
11.2752609253 81 62
11.2873270512 81 62
11.2993409634 81 62
11.3115091324 83 62
11.3235371113 83 62
11.3356480598 83 62
11.3478541374 83 62
11.3599100113 83 62
11.3719630241 83 62
11.3839669228 83 62
11.3959679604 83 62
11.4079799652 85 62
11.4200720787 85 62
11.4321820736 85 62
11.4443199635 85 62
11.4565210342 85 62
11.4687030315 85 62
11.4809570312 85 62
11.4930670261 85 62
11.5052211285 85 62
11.5173721313 87 62
11.5294749737 87 62
11.5415980816 87 62
11.5536761284 87 62
11.5657391548 87 62
11.5778009892 87 62
11.5900630951 87 62
11.6026790142 87 62
11.6151380539 89 62
11.6275229454 89 62
11.6396789551 89 62
11.6517181396 89 62
11.6637880802 89 62
11.6756970882 89 62
11.6875929832 89 62
11.6995100975 89 62
11.7114040852 91 62
11.7233121395 91 62
11.7352020741 91 62
11.7471089363 91 62
11.7590169907 91 62
11.7709209919 91 62
11.7827980518 91 62
11.7946829796 91 62
11.8065869808 91 62
11.8184649944 93 62
11.8303360939 93 62
11.8422091007 93 62
11.8540771008 93 62
11.8658771515 93 62
11.8776950836 93 62
11.8895030022 93 62
11.9014770985 93 62
11.9135279655 95 62
11.9254150391 95 62
11.9373300076 95 62
11.9494290352 95 62
11.9615609646 95 62
11.9737279415 95 62
11.9861750603 95 62
11.9986169338 95 62
12.010890007 97 62
12.0232269764 97 62
12.0355501175 97 62
12.0478620529 97 62
12.0601141453 97 62
12.0725860596 97 62
12.085021019 97 62
12.0973660946 97 62
12.109885931 99 62
12.1223800182 99 62
12.135338068 99 62
12.1476390362 99 62
12.1599349976 99 62
12.1723809242 99 62
12.1847529411 99 62
12.1971390247 99 62
12.2094810009 99 62
12.2218661308 101 62
12.2346520424 101 62
12.2471849918 101 62
12.2596549988 101 62
12.2721581459 101 62
12.2845830917 101 62
12.2971060276 101 62
12.3097550869 101 62
12.3222670555 103 62
12.334733963 103 62
12.3472149372 103 62
12.3597390652 103 62
12.3720901012 103 62
12.3845460415 103 62
12.3969941139 103 62
12.4093711376 103 62
12.4216589928 105 62
12.4339640141 105 62
12.4462850094 105 62
12.4589221478 105 62
12.4717149734 105 62
12.4841411114 105 62
12.496710062 105 62
12.5091340542 105 62
12.5216190815 107 62
12.5340311527 107 62
12.5465650558 107 62
12.5589990616 107 62
12.5714011192 107 62
12.5837640762 107 62
12.5961589813 107 62
12.6084880829 107 62
12.6208600998 109 62
12.6336071491 109 62
12.6457920074 109 62
12.6580450535 109 62
12.670306921 109 62
12.6827671528 109 62
12.6951169968 109 62
12.7077901363 109 62
12.7204530239 111 62
12.7329399586 111 62
12.7455909252 111 62
12.7580859661 111 62
12.7705860138 111 62
12.7831559181 111 62
12.7956979275 111 62
12.8081691265 111 62
12.8209321499 113 62
12.8340189457 113 62
12.8469219208 113 62
12.8596451283 113 62
12.8722131252 113 62
12.8848719597 113 62
12.8976459503 113 62
12.9103131294 113 62
12.9232549667 115 62
12.9359109402 115 62
12.9485149384 115 62
12.9610760212 115 62
12.9737319946 115 62
12.9864461422 115 62
12.9991130829 115 62
13.0118000507 115 62
13.0245101452 117 62
13.0371239185 117 62
13.0500409603 117 62
13.0627400875 117 62
13.07538414 117 62
13.0879499912 117 62
13.1006560326 117 62
13.1134669781 117 62
13.1260490417 119 62
13.138682127 119 62
13.1513130665 119 62
13.1639449596 119 62
13.1765780449 119 62
13.1893150806 119 62
13.2018880844 119 62
13.2144091129 119 62
13.2270669937 121 62
13.2396781445 121 62
13.2521800995 121 62
13.2650270462 121 62
13.2777121067 121 62
13.2903630733 121 62
13.3029930592 121 62
13.3157839775 123 62
13.3286521435 123 62
13.3413200378 123 62
13.3540070057 123 62
13.3667700291 123 62
13.3795161247 123 62
13.3921051025 123 62
13.4048371315 123 62
13.417536974 125 62
13.4301400185 125 62
13.44282794 125 62
13.4555599689 125 62
13.4681251049 125 62
13.4808671474 125 62
13.4936599731 125 62
13.5065720081 125 62
13.5192320347 127 62
13.5319709778 127 62
13.5446650982 127 62
13.5573070049 127 62
13.569781065 127 62
13.5823769569 127 62
13.5949521065 127 62
13.6075749397 127 62
13.6201579571 129 62
13.6327719688 129 62
13.6447610855 129 62
13.6570241451 129 62
13.6690680981 129 62
13.6810359955 129 62
13.6929471493 129 62
13.7048280239 129 62
13.7167210579 129 62
13.7286570072 131 62
13.7405691147 131 62
13.7524881363 131 62
13.764425993 131 62
13.7764530182 131 62
13.7884590626 131 62
13.8003520966 132 62
13.8128700256 132 62
13.8251760006 132 62
13.8372559547 132 62
13.849296093 132 62
13.8613591194 132 62
13.8736469746 132 62
13.8859090805 132 62
13.8982391357 132 62
13.9108400345 132 62
13.9234330654 132 62
13.9359221458 132 62
13.9484789371 132 62
13.9608380795 132 62
13.9732320309 132 62
13.986634016 132 62
13.9999229908 132 62
14.0127840042 132 62
14.0259821415 132 62
14.0386469364 132 62
14.0521609783 132 62
14.0655360222 132 62
14.0788049698 132 62
14.0920450687 132 62
14.1049621105 132 62
14.1179299355 132 62
14.1310529709 132 62
14.1435549259 132 62
14.1568589211 132 62
14.1693661213 132 62
14.1828150749 132 62
14.1957330704 132 62
14.2090649605 132 62
14.2225029469 132 62
14.2367930412 132 62
14.2507820129 132 62
14.2645449638 132 62
14.2787759304 132 62
14.2925069332 132 62
14.3060219288 132 62
14.3204619884 132 62
14.3342339993 132 62
14.3478701115 132 62
14.3614859581 132 62
14.3749330044 132 62
14.3881940842 132 62
14.4010820389 132 62
14.4146440029 132 62
14.4284100533 132 62
14.442207098 132 62
14.4560010433 132 62
14.4692499638 132 62
14.4828519821 132 62
14.4963240623 132 62
14.510158062 132 62
14.5234799385 132 62
14.536716938 132 62
14.5495009422 132 62
14.5622470379 132 62
14.5751190186 132 62
14.5879240036 132 62
14.6009020805 132 62
14.614207983 132 62
14.6274960041 132 62
14.6402690411 132 62
14.6530251503 132 62
14.6661801338 132 62
14.6797981262 132 62
14.6932380199 132 62
14.706264019 132 62
14.7197740078 132 62
14.7331881523 132 62
14.7465720177 132 62
14.7595479488 132 62
14.7734980583 132 62
14.7875990868 132 62
14.80114007 132 62
14.8147361279 132 62
14.8282589912 132 62
14.8417069912 132 62
14.855287075 132 62
14.8685951233 132 62
14.8819711208 132 62
14.8953449726 132 62
14.9088320732 132 62
14.9223089218 132 62
14.9356620312 132 62
14.9489130974 132 62
14.9621379375 132 62
14.9753451347 132 62
14.9885520935 132 62
15.0016219616 132 62
15.014685154 132 62
15.027725935 132 62
15.0410101414 132 62
15.0541501045 132 62
15.0670599937 132 62
15.0799789429 132 62
15.0923569202 132 62
15.1049790382 132 62
15.1175079346 132 62
15.129488945 132 62
15.1413891315 132 62
15.1538119316 132 62
15.165749073 132 62
15.1776189804 132 62
15.1901550293 132 62
15.2026860714 132 62
15.2152180672 132 62
15.2277491093 132 62
15.2402751446 132 62
15.2527830601 132 62
15.2653291225 132 62
15.2778480053 132 62
15.2897861004 132 62
15.3017129898 132 62
15.3136219978 132 62
15.3264119625 132 62
15.3383469582 132 62
15.3502550125 132 62
15.3621201515 132 62
15.3757400513 132 62
15.3898620605 132 62
15.4031469822 132 62
15.4162709713 132 62
15.4294140339 132 62
15.4425680637 132 62
15.4556639194 132 62
15.46935606 132 62
15.4828579426 132 62
15.4963181019 132 62
15.5098180771 132 62
15.5233421326 132 62
15.536919117 132 62
15.5505809784 132 62
15.5635650158 132 62
15.5763950348 132 62
15.5896470547 132 62
15.6028969288 132 62
15.6160979271 132 62
15.6290700436 132 62
15.6420171261 132 62
15.6548600197 132 62
15.6676809788 132 62
15.6805341244 132 62
15.6934731007 132 62
15.706305027 132 62
15.7191209793 132 62
15.7319200039 132 62
15.7447390556 132 62
15.7575199604 132 62
15.7703261375 132 62
15.7832541466 132 62
15.7960259914 132 62
15.8087749481 132 62
15.8212461472 132 62
15.8332660198 132 62
15.8451781273 132 62
15.8580880165 132 62
15.8713860512 132 62
15.8849239349 132 62
15.8980829716 132 62
15.9112789631 132 62
15.9244139194 132 62
15.9374649525 132 62
15.9505159855 132 62
15.9636180401 132 62
15.976954937 132 62
15.9903550148 132 62
16.0034461021 132 62
16.0163481236 132 62
16.0293900967 132 62
16.0425839424 132 62
16.055562973 132 62
16.0687029362 132 62
16.0815811157 132 62
16.0944211483 132 62
16.1072249413 132 62
16.1199989319 132 62
16.1328971386 132 62
16.1456160545 132 62
16.1584999561 132 62
16.1711981297 132 62
16.1839640141 132 62
16.1968100071 132 62
16.2092199326 132 62
16.2218091488 132 62
16.2346410751 132 62
16.2473549843 132 62
16.2597000599 132 62
16.271916151 132 62
16.2842690945 132 62
16.296339035 132 62
16.3088481426 132 62
16.3213989735 132 62
16.3332679272 132 62
16.3451430798 132 62
16.3569741249 132 62
16.3688189983 132 62
16.3817601204 132 62
16.3947300911 132 62
16.4086401463 132 62
16.4226009846 132 62
16.4360759258 132 62
16.4494879246 132 62
16.4626200199 132 62
16.475728035 132 62
16.4880030155 132 62
16.5011150837 132 62
16.5140349865 132 62
16.5269551277 132 62
16.5398960114 132 62
16.5528950691 132 62
16.5657610893 132 62
16.5785961151 132 62
16.591324091 132 62
16.6040921211 132 62
16.6169469357 132 62
16.6301910877 132 62
16.6433730125 132 62
16.6562399864 132 62
16.6690070629 132 62
16.6820969582 132 62
16.6955521107 132 62
16.7084441185 132 62
16.7211270332 132 62
16.7343399525 132 62
16.7470879555 132 62
16.7598969936 132 62
16.7726120949 132 62
16.7849080563 132 62
16.7979769707 132 62
16.8104829788 132 62
16.8229999542 132 62
16.8354821205 132 62
16.8475821018 132 62
16.8599410057 132 62
16.8718080521 132 62
16.8838450909 132 62
16.8969011307 132 62
16.9103529453 132 62
16.9229609966 132 62
16.9353210926 132 62
16.9470860958 132 62
16.9594569206 132 62
16.9711921215 132 62
16.9829249382 132 62
16.9946470261 132 62
17.0064070225 132 62
17.0181500912 132 62
17.0305659771 132 62
17.0423531532 132 62
17.0547139645 132 62
17.0664219856 132 62
17.0780720711 132 62
17.0903840065 132 62
17.1027550697 132 62
17.1144330502 132 62
17.1260781288 132 62
17.1383321285 132 62
17.1507210732 132 62
17.1630940437 132 62
17.1748230457 132 62
17.1865620613 132 62
17.1991820335 132 62
17.2118611336 132 62
17.2251589298 132 62
17.2387800217 132 62
17.2521841526 132 62
17.2652909756 132 62
17.2782509327 132 62
17.2911951542 132 62
17.3040680885 132 62
17.3169441223 132 62
17.3299081326 132 62
17.3427989483 132 62
17.3557240963 132 62
17.3686130047 132 62
17.3814790249 132 62
17.3944139481 132 62
17.4079270363 132 62
17.4214680195 132 62
17.4347319603 132 62
17.4471211433 132 62
17.459305048 132 62
17.4730010033 132 62
17.4863960743 132 62
17.4985280037 132 62
17.5107209682 132 62
17.5228869915 132 62
17.5350599289 132 62
17.5480289459 132 62
17.5614840984 132 62
17.5735690594 132 62
17.5869519711 132 62
17.6000699997 132 62
17.6132690907 132 62
17.6264140606 132 62
17.6385400295 132 62
17.6507091522 132 62
17.6624691486 132 62
17.6741480827 132 62
17.6858279705 132 62
17.6974890232 132 62
17.7091810703 132 62
17.7217819691 132 62
17.7341051102 132 62
17.7463600636 132 62
17.7587649822 132 62
17.7711570263 132 62
17.7835879326 132 62
17.7959671021 132 62
17.8096251488 132 62
17.8229260445 132 62
17.8362600803 132 62
17.8493170738 132 62
17.8624579906 132 62
17.8754601479 132 62
17.8886430264 132 62
17.9010951519 132 62
17.9140520096 132 62
17.9279999733 132 62
17.9410641193 132 62
17.9539890289 132 62
17.9668970108 132 62
17.9797899723 132 62
17.9925570488 132 62
18.0052649975 132 62
18.017578125 132 62
18.0305359364 132 62
18.0433430672 132 62
18.0565550327 132 62
18.0696940422 132 62
18.0819420815 132 62
18.094381094 132 62
18.1066119671 132 62
18.1183569431 132 62
18.130190134 132 62
18.1420149803 132 62
18.1543729305 132 62
18.166779995 132 62
18.1793739796 132 62
18.1916091442 132 62
18.2044811249 132 62
18.2173769474 132 62
18.2301211357 132 62
18.2429511547 132 62
18.2559051514 132 62
18.2691709995 132 62
18.2823250294 132 62
18.2950921059 132 62
18.3077709675 132 62
18.3203840256 132 62
18.3352169991 132 62
18.3483319283 132 62
18.3608930111 132 62
18.3739299774 132 62
18.3861889839 132 62
18.3982319832 132 62
18.4104239941 132 62
18.4228551388 132 62
18.4364039898 132 62
18.4498739243 132 62
18.4633960724 132 62
18.4765059948 132 62
18.489068985 132 62
18.5020151138 132 62
18.5149419308 132 62
18.5281050205 132 62
18.5409500599 132 62
18.5543401241 132 62
18.566947937 132 62
18.5794670582 132 62
18.5920889378 132 62
18.6044900417 132 62
18.6167750359 132 62
18.6290490627 132 62
18.6413941383 132 62
18.6538691521 132 62
18.6665959358 132 62
18.6789901257 132 62
18.6913261414 132 62
18.703715086 132 62
18.717320919 132 62
18.7293970585 132 62
18.7421319485 132 62
18.7553489208 132 62
18.768599987 132 62
18.7817070484 132 62
18.794934988 132 62
18.8080120087 132 62
18.8212139606 132 62
18.8339920044 132 62
18.8470511436 132 62
18.8601579666 132 62
18.8733811378 132 62
18.8856580257 132 62
18.8979649544 132 62
18.9103059769 132 62
18.9222609997 132 62
18.9342019558 132 62
18.9461381435 132 62
18.9586589336 132 62
18.9706189632 132 62
18.9825770855 132 62
18.9944989681 132 62
19.0070090294 132 62
19.0189499855 132 62
19.0315461159 132 62
19.0453341007 132 62
