31
33
35
37
39
41
43
45
47
55
49
51
53
185
261
263
529
985
981
983
987
997
1171
1189
1191
1239
1241
1243
1245
1247
1249
1815
1917
1913
1915
1919
2191
2187
2189
2193
2195
2197
3257
3253
3255
3259
3261
3263
3265
3341
3343
3529
3673
3669
3671
3675
3677
3679
3757
3801
4115
4111
4113
4117
4119
4625
4621
4623
4715
4711
4713
4717
4719
4721
4723
4725
4727
4729
5061
5057
5059
5063
5065
5067
5069
5071
5073
5701
5697
5699
5703
5705
5707
5709
5711
5985
6279
6275
6277
6281
6283
6285
6287
6289
6291
6293
6295
7049
7147
7401
7445
7441
7443
7447
7449
7451
7453
7665
8481
8477
8479
8483
8485
8753
8755
8757
8759
8811
8807
8809
8813
8815
8817
8819
8821
8823
8829
8831
8833
8835
8825
8827
8917
8913
8915
8919
8921
8923
8925
8927
8929
8931
8933
9507
9503
9505
9509
9511
9513
9515
9517
9519
9525
9527
9529
9531
9533
9535
9537
9539
9541
9543
9545
9547
9523
9549
9555
9553
9521
9557
9559
9661
9663
9667
9669
9671
9673
9675
9665
9815
9817
9819
9821
9823
9825
9831
9829
9833
9835
9837
9839
9841
9863
9865
9867
9955
10263
10265
10319
10315
10317
10321
10323
10325
10327
10329
10331
10333
10335
10469
11033
11029
11031
11035
11037
11039
11041
11043
11045
11051
11053
11055
11057
11059
11047
11049
11229
11225
11227
11231
11233
11235
11237
11239
11241
11247
11249
11251
11253
11255
11257
11243
11245
11343
11339
11341
11393
11389
11391
11395
11397
11399
11401
11403
11405
11409
11411
11413
11415
11417
11419
11421
11429
11431
11527
11523
11525
11529
11531
11533
11535
11537
11539
11541
11649
11971
12493
13135
13303
13299
13301
13305
13307
13479
13481
13483
13485
13487
13453
13489
13455
13451
13457
13459
13461
13491
13493
13495
13497
13499
13501
13503
13505
13507
13509
13511
13513
13515
13661
13903
13899
13901
13905
13907
13909
13911
13913
13915
13921
13923
13925
13917
13919
14055
14051
14053
14057
14441
14437
14439
14443
14445
14447
14449
14451
14453
14459
14461
14463
14465
14467
14469
14471
14473
14475
14477
14479
14483
14485
14487
14455
14457
14481
14501
14503
14505
14507
14509
14511
14513
14515
14743
14739
14741
14745
14747
14749
14763
14765
14767
14769
14771
14773
14775
14777
14779
14785
14787
14789
14791
14781
14783
14837
14839
14841
14843
14845
14847
14849
14851
14853
14859
14861
14863
14865
14867
14869
14871
14873
14875
14877
14879
14855
14857
15753
15855
15857
15873
15875
15877
15879
15881
15883
15885
15887
15889
15891
15897
15905
15893
15895
15899
15903
15909
15911
16507
16503
16505
16509
16511
16513
16515
16517
16519
16723
16719
16721
16725
16727
16729
16787
16783
16785
16789
17195
17191
17193
17197
17199
17569
17565
17567
17571
17685
17779
17775
17777
17781
17783
17785
17787
17789
17791
17797
17799
17801
17793
17795
18745
18741
18869
19001
18997
18999
19003
19005
19007
19009
19011
19013
19015
19299
19301
19365
19361
19363
19367
19369
19699
19717
19719
20595
20591
20593
20597
20599
20601
20603
20605
21009
21005
21007
21225
21227
21229
21231
21233
21235
21237
21239
21241
21247
21249
21251
21253
21243
21245
21433
21429
21431
21435
21437
21439
21441
21443
21445
21451
21453
21455
21447
21449
21569
21775
21777
22089
22091
22433
22429
22431
22435
22437
22439
22441
22443
22445
22451
22453
22455
22457
22459
22461
22463
22465
22467
22469
22471
22473
22477
22449
22475
22447
22527
22529
22531
22533
22553
22555
22557
22537
22539
22541
22543
22545
22547
22549
22551
22579
22581
22583
22585
22587
22589
22591
22593
22595
22597
22599
22647
22781
22777
22779
22783
22785
22787
22789
22791
22793
22795
23261
23257
23259
23263
23265
23583
23579
23581
23585
23587
23589
23591
23593
23595
23601
23603
23605
23607
23609
23611
23613
23615
23617
23619
23621
23623
23627
23599
23625
23597
23803
23877
23953
24695
24937
24933
24941
24935
24939
24943
24967
24969
25093
25095
25097
25099
25223
25401
25397
25399
25403
25405
25407
25409
25411
25413
25419
25421
25423
25425
25427
25429
25431
25433
25435
25437
25415
25417
25549
25929
25925
25951
25953
26257
26253
26255
26259
26261
26263
26265
26267
26269
26275
26277
26279
26281
26283
26285
26287
26289
26291
26293
26295
26271
26273
26373
26375
26377
26379
26381
26383
26385
26387
26389
26391
26533
26529
26531
26535
26537
26539
26541
26543
26545
26547
26549
26711
26707
26709
26713
26715
26787
26873
26857
26853
26855
26859
26861
26863
26865
26895
26897
26867
26869
26871
26933
26935
26937
26939
26941
26943
26945
26947
26949
26951
26953
26955
26957
26983
26985
26987
26989
26991
26993
26995
26997
26999
27001
27003
27005
27007
27301
27303
27305
27307
27309
27311
27313
27315
27317
27319
27321
27323
27325
27327
27341
27343
27329
27331
27333
27335
27337
27339
27585
27581
27583
27587
27589
27591
27593
27595
27597
27607
27609
27611
27613
27721
27717
27719
27723
27725
27727
27825
27821
27823
27827
27829
27831
27833
27835
27837
27843
27845
27847
27849
27851
27853
27855
27857
27859
27861
27863
27865
27841
27867
27839
28937
29487
29483
29485
29489
29491
29493
29495
31455
31451
31453
31457
31459
31461
31463
31687
31689
31889
32235
32373
32369
32371
32375
32377
32379
32381
32383
32385
32391
32393
32387
32389
32909
32905
32907
32911
32913
32915
32917
32923
32925
32927
32929
32931
32933
32935
32919
32995
32997
32999
33001
33003
33005
33007
33009
33011
33013
33015
33017
33019
33021
33023
33025
33027
33029
33031
33033
33035
33037
33039
33041
33043
33095
33097
33099
33101
33103
33105
33107
33109
33111
33113
33115
33117
33119
33169
33171
33173
33175
33177
33179
33181
33183
33185
33187
33189
33191
33193
32921
33045
33047
33049
33051
33053
33055
33057
33059
33061
33063
33065
33067
33069
33269
33271
33273
33275
33277
33279
33281
33283
33285
33287
33289
33291
33293
33319
33321
33323
33325
33327
33329
33331
33333
33335
33337
33339
33341
33343
33369
33371
33373
33375
33377
33379
33381
33383
33385
33387
33389
33391
33393
33395
33419
33421
33423
33425
33427
33429
33431
33433
33435
33437
33439
33441
33443
33445
33447
33449
33451
33453
33455
33457
33459
33461
33463
33465
33467
33469
33519
33521
33523
33525
33527
33529
33563
33565
33567
33569
33703
33699
33701
33705
33707
33709
33711
33713
33767
33763
33765
33769
33771
33773
33775
33777
33779
33785
33787
33781
33783
34095
34475
34471
34473
34477
34479
34481
34483
34485
34487
35199
35411
35407
35409
35413
35415
35417
35419
35421
35423
35425
35737
35739
35855
35851
35853
35857
35859
35861
36255
36251
36263
36265
36267
36269
36271
36273
36275
36277
36279
36281
36283
36257
36259
36285
36287
36253
36261
36291
36293
36295
36297
36299
36301
36303
36305
36307
36313
36309
36311
36415
36417
36917
37297
37293
37295
37299
37301
37303
37305
37307
37309
37477
37473
37475
37479
37481
37483
37485
37487
37489
37495
37497
37499
37501
37503
37491
37493
37715
37711
37713
37717
37719
37721
37723
37725
37727
37839
37835
37837
38399
38959
38955
38957
38973
39015
39017
39139
39189
39185
39187
39191
39217
39193
39215
39445
39447
39481
39477
39479
39483
39485
39487
39489
39491
39493
39495
39497
39499
39519
39521
39523
39635
39631
39633
39637
39639
39641
39643
39707
39703
39705
39709
39711
39713
39715
39717
39727
39729
39731
39733
39735
39719
39721
39723
39725
39775
39777
39779
39781
39783
39785
39787
39789
39791
39793
39795
39797
39799
39801
39835
39837
39839
39841
39843
39845
39847
39849
39851
39853
39855
39857
39859
39983
39985
39987
39989
39991
39993
39995
39997
39999
40001
40003
40005
40007
40009
39825
39827
39909
39911
39913
39915
39917
39919
39921
39923
39925
39927
39929
39931
39933
40033
40035
40037
40039
40041
40043
40045
40047
40049
40051
40053
40055
40057
40059
40061
40063
40065
40067
40069
40071
40073
40075
40077
40079
40081
40083
40133
40135
40137
40139
40141
40143
40145
40147
40149
40151
40153
40155
40157
40159
40161
40163
40165
40167
40169
40171
40173
40175
40177
40179
40181
40183
40259
40261
40269
40271
40273
40275
40277
40279
40281
40283
40285
40287
40291
40293
40263
40297
40265
40267
40295
40339
40341
40343
40345
40347
40349
40351
40353
40355
40357
40359
40361
40363
40389
40391
40393
40395
40397
40399
40401
40403
40405
40407
40409
40411
40413
40489
40491
40493
40495
40497
40499
40501
40503
40505
40507
40509
40511
40513
40515
40517
40519
40521
40523
40525
40527
40529
40531
40533
40535
40537
40539
40415
40417
40419
40421
40423
40425
40427
40429
40431
40433
40435
40437
40439
40591
40593
40595
40597
40599
40601
40603
40605
40607
40609
40611
40613
40663
40665
40667
40669
40671
40673
40675
40677
40679
40681
40683
40685
40687
40689
40691
40693
40695
40697
40699
40701
40703
40705
40707
40709
40711
40713
40565
40567
40569
40571
40573
40575
40577
40579
40581
40583
40585
40587
40589
40739
40741
40743
40745
40747
40749
40751
40753
40755
40757
40759
40761
40763
40765
40839
40841
40843
40845
40847
40849
40851
40853
40855
40857
40859
40861
40863
40865
40867
40869
40871
40873
40875
40877
40879
40881
40883
40885
40887
40889
40913
40915
40917
40919
40921
40923
40925
40927
40929
40931
40933
40935
40937
40939
40965
40967
40969
40971
40973
40975
40977
40979
40981
40983
40985
40987
40989
40991
40993
40995
40997
40999
41001
41003
41005
41007
41009
41011
41013
41015
41089
41091
41093
41095
41097
41099
41101
41103
41105
41107
41109
41111
41113
41115
41117
41119
41121
41123
41125
41127
41129
41131
41133
41135
41137
41139
41141
41143
41145
41147
41149
41151
41153
41155
41157
41159
41161
41163
41165
41415
41417
41419
41421
41423
41425
41427
41429
41431
41433
41435
41437
41439
41441
41667
41669
41671
41673
41675
41677
41679
41681
41683
41685
41687
41689
41691
41917
41919
41921
41923
41925
41927
41929
41931
41933
41935
41937
41939
41941
41943
41869
41871
41873
41875
41877
41879
41881
41883
41885
41887
41889
41891
41893
41843
41845
41847
41849
41851
41853
41855
41857
41859
41861
41863
41865
41867
41693
41695
41697
41699
41701
41703
41705
41707
41709
41711
41713
41715
41717
42069
42071
42073
42075
42077
42079
42081
42083
42085
42087
42089
42091
42093
42095
42097
42099
42101
42103
42105
42107
42109
42111
42113
42115
42117
42119
42149
42185
42475
42545
42541
42543
42547
42549
42551
42553
42555
42557
42559
42675
42671
42673
42683
42691
42693
42695
42697
42699
42701
42733
42735
42947
42943
42945
42949
43023
43249
43247
43251
43253
43255
43257
43259
43261
43263
43267
43269
43271
43273
43275
43277
43279
43281
43283
43285
43287
43289
43293
43295
43301
43297
43245
43303
43265
43291
43515
43941
43937
43939
43943
43945
43947
43949
43951
43953
44011
44019
44007
44009
44021
44013
44023
44015
44017
44029
44031
44033
44035
44037
44039
44041
44043
44045
44047
44049
44055
44025
44027
44051
44053
44057
44063
44065
44067
44069
44071
44073
44075
44077
44079
44081
44083
44085
44087
44113
44115
44117
44119
44121
44123
44125
44127
44129
44131
44133
44135
44137
44161
44163
44165
44167
44169
44171
44173
44175
44177
44179
44181
44183
44185
44187
44189
44191
44193
44195
44197
44199
44201
44203
44205
44207
44209
44211
44237
44239
44241
44243
44245
44247
44249
44251
44253
44255
44257
44259
44261
44263
44265
44267
44269
44271
44273
44275
44277
44279
44281
44283
44285
44287
44313
44315
44317
44319
44321
44323
44325
44327
44329
44331
44333
44335
44337
44413
44415
44417
44419
44421
44423
44425
44427
44429
44431
44433
44435
44437
44439
44441
44443
44445
44447
44449
44451
44453
44455
44457
44459
44461
44463
44363
44365
44367
44369
44371
44373
44375
44377
44379
44381
44383
44385
44387
44615
44617
44619
44621
44623
44625
44627
44629
44631
44633
44635
44637
44687
44689
44691
44693
44695
44697
44699
44701
44703
44705
44707
44709
44711
44587
44589
44591
44593
44595
44597
44599
44601
44603
44605
44607
44609
44611
44613
44713
44715
44717
44719
44721
44723
44725
44727
44729
44731
44733
44735
44737
44813
44815
44817
44819
44821
44823
44825
44827
44829
44831
44833
44835
44837
44839
44841
44843
44845
44847
44849
44851
44853
44855
44857
44859
44861
44863
44763
44765
44767
44769
44771
44773
44775
44777
44779
44781
44783
44785
44787
45013
45015
45017
45019
45021
45023
45025
45027
45029
45031
45033
45035
45037
44963
44965
44967
44969
44971
44973
44975
44977
44979
44981
44983
44985
44987
45089
45091
45093
45095
45097
45099
45101
45103
45105
45107
45109
45111
45113
45115
45117
45119
45121
45123
45125
45127
45129
45131
45133
45135
45137
45139
45251
45239
45241
45243
45245
45247
45249
45253
45255
45257
45259
45345
45341
46225
46221
46223
46771
46767
46769
46773
46775
46777
46779
46781
46783
46789
46791
46793
46785
46787
47151
47153
47919
47915
47917
47921
47923
48101
48097
48099
48103
48105
48107
48109
48111
48113
48119
48121
48123
48125
48127
48129
48131
48133
48135
48137
48139
48117
48115
48223
48225
48227
48229
48231
48233
48235
48237
48239
48245
48241
48243
48269
48271
48273
48275
48277
48279
48281
48283
48327
48329
48331
48333
48335
48337
48339
48341
48821
48817
48819
48823
48825
48827
48829
48831
48833
48839
48841
48843
48845
48847
48849
48851
48853
48835
48837
48863
49461
49457
49459
49463
49465
49467
49469
49471
49473
49479
49475
49477
49543
49539
49843
49839
49841
49845
49847
49849
49855
49883
49881
49943
49945
49947
49949
49951
49953
49955
49957
49959
49961
49963
49965
49967
49969
49851
49853
49857
49895
49897
49899
49901
49903
49905
49907
49909
49911
49913
49915
49917
49919
51589
51585
51587
51591
51711
51707
51709
52819
52815
52817
53457
53459
53565
53561
53563
53567
53569
53571
53573
53575
53577
53583
53585
53587
53589
53591
53593
53595
53597
53599
53601
53603
53605
53579
53581
53631
53689
53795
53791
53793
53797
53799
53801
53803
53805
53807
53813
53815
53817
53819
53821
53823
53825
53827
53829
53831
53833
53809
53811
53865
54263
54259
54261
54361
54455
54451
54453
54457
54459
54461
54463
54465
54467
54473
54475
54477
54469
54471
55137
55133
55135
55139
55141
56163
56165
56187
56211
56213
56185
56319
56315
56317
56627
56631
56629
56683
56685
56687
56689
56691
56653
56655
56985
56981
56983
56987
56989
56991
56993
56995
56997
56999
57001
57077
57097
57093
57095
57099
57101
57103
57299
57295
57297
57301
57303
57305
57307
57309
57311
57313
57455
57457
57459
57461
57463
57487
57453
58011
58007
58009
58013
58015
58017
58019
58505
58501
58503
58507
58509
58511
58645
58641
58643
58647
58649
59215
59341
59343
59351
59353
59355
59357
59359
59361
59363
59365
59367
59373
59375
59377
59379
59381
59369
59371
59459
59539
59535
59555
59557
59559
59561
59563
59565
59567
59569
59571
59573
59575
59537
59541
59553
59543
59545
59547
59549
59551
59649
59827
59823
59825
59829
60147
60197
60487
60483
60527
60529
60715
60711
60713
60717
60719
60721
60755
60757
60767
60769
60771
60773
60775
60777
60779
60781
60763
60765
60761
60759
60859
60861
60863
60865
60867
60869
60871
60873
60875
60881
60883
60885
60887
60889
60891
60893
60895
60897
60899
60901
60903
60877
60879
60937
60947
60949
60913
60915
60939
60941
60943
60945
60909
60911
61019
61291
61293
61295
61297
61299
61301
61289
61285
61287
61687
61719
62059
62073
62075
62077
62079
62081
62055
62057
62061
62063
62065
62067
62069
62071
62193
62195
62219
62215
62217
62221
62791
63023
63019
63021
63025
63027
63029
63031
63033
63035
63041
63043
63045
63047
63049
63051
63053
63055
63057
63059
63061
63063
63039
63037
63761
63757
63911
63907
63917
63919
63921
63923
63925
63927
63929
63931
63933
63935
63909
63913
63915
64067
64069
64071
64073
64075
64077
64079
64081
64083
64085
64087
64089
64091
64093
64095
64097
64061
64057
64059
64065
64063
64235
64237
64241
64243
64245
64247
64249
64251
64239
65011
65007
65009
65013
65321
65343
65339
65341
65559
65937
65933
65935
65939
65941
65943
65945
65947
66095
66091
66093
66097
66099
66101
66103
66105
66503
66499
66563
66559
66561
66565
66567
66569
66649
66645
66691
66687
66689
66693
66695
66697
66699
67557
67553
67555
67559
67561
67563
67745
67829
67825
67827
67831
67833
67835
67837
67839
68455
68451
68453
68457
68459
68461
68463
68465
68467
68469
68773
68769
68771
68775
68777
68831
68827
68891
68887
68889
68893
68895
68897
68899
68901
69119
70405
70401
70403
70407
70409
70469
70547
70543
70545
70549
70551
70553
70555
70557
70559
70843
71005
71001
71249
71251
71857
71853
