25
27
29
31
33
35
51
47
49
53
55
57
59
61
63
71
73
75
77
79
81
83
85
87
89
95
97
67
91
93
65
69
329
325
327
331
333
335
337
339
341
347
349
351
343
345
509
505
507
511
513
515
517
519
521
527
529
523
525
895
891
893
897
899
901
903
905
907
913
915
917
919
909
911
1289
1285
1287
1291
1293
1295
1297
1299
1301
1307
1309
1311
1313
1315
1317
1319
1321
1323
1325
1327
1331
1333
1335
1303
1305
1329
1775
1771
1773
1969
1965
1967
1971
2355
2351
2353
2357
2359
2361
2363
2365
2367
2373
2375
2377
2379
2381
2383
2385
2369
2371
2511
2843
2839
2841
2845
2873
2875
2847
2849
2851
2895
2897
2899
2901
2903
2905
2907
2909
2911
2913
2915
2917
2919
3057
3037
3055
3291
3287
3289
3293
3295
3297
3299
3301
3303
3309
3311
3313
3315
3317
3319
3321
3305
3307
3693
3689
3691
3695
3697
3699
3701
3703
3705
3711
3713
3715
3707
3709
3805
3829
3825
3827
3831
3833
3835
3949
3951
4397
4393
4395
4399
4423
4419
4421
4643
5001
5523
5541
5543
6427
6423
6425
6429
6583
6585
6587
6589
6591
7097
7129
7127
7125
7123
7219
7221
7223
7225
7227
7239
7241
7243
7245
7247
7249
7887
7883
7885
7889
7891
7893
7895
7897
7899
7905
7907
7909
7911
7913
7915
7917
7919
7927
7901
7921
7923
7925
7929
7903
7957
8049
8051
8173
8169
8171
8175
8177
8179
8181
8183
8185
8191
8193
8195
8203
8205
8207
8209
8189
8197
8199
8201
8187
8241
8243
8245
8247
8249
8459
8455
8457
8461
8463
8465
8467
8479
8481
8483
8485
8487
8489
8533
8529
8531
8535
8537
8539
8541
8543
8545
8873
8875
9387
9383
9385
9389
9391
9393
9395
9397
9399
9405
9407
9409
9411
9413
9401
9403
9507
9503
9505
9509
9511
9513
9515
9517
9519
9525
9527
9529
9531
9533
9535
9521
9523
10031
10027
10029
10033
10035
10037
10039
10041
10043
10049
10051
10053
10055
10057
10045
10047
10955
10951
10953
10957
10959
10961
10963
11227
11229
11295
11447
11443
11445
11449
11451
11453
11455
11457
11459
11465
11467
11469
11471
11473
11475
11461
11463
11483
11485
11487
11489
11491
11493
11495
11497
11499
11501
12147
13165
13161
13163
13167
13169
13191
13785
13787
13815
13817
13819
13899
13901
13903
13905
13907
13909
13911
13913
13915
13917
13919
13921
13923
13925
14075
14077
14079
14081
14083
14085
14087
14089
14091
14093
14095
14097
14099
14101
14103
14105
14107
14109
14111
14113
14115
14117
14119
14121
14123
14125
14127
14129
14131
14133
14135
14137
14139
14141
14143
14145
14147
14149
14151
14201
14203
14205
14207
14209
14211
14213
14215
14217
14219
14221
14223
14225
14303
14305
14307
14309
14311
14313
14315
14317
14319
14321
14323
14325
14327
14329
14331
14333
14335
14337
14339
14341
14343
14345
14347
14349
14277
14279
14281
14283
14285
14287
14289
14291
14293
14295
14297
14299
14301
14351
14353
14355
14357
14359
14361
14363
14365
14367
14369
14371
14373
14375
14525
14527
14529
14531
14533
14535
14537
14539
14541
14543
14545
14547
14549
14551
14399
14401
14403
14405
14407
14409
14411
14413
14415
14417
14419
14421
14423
14425
14475
14477
14479
14481
14483
14485
14487
14489
14491
14493
14495
14497
14499
14601
14603
14605
14607
14609
14611
14613
14615
14617
14619
14621
14623
14625
14575
14577
14579
14581
14583
14585
14587
14589
14591
14593
14595
14597
14599
14649
14651
14653
14655
14657
14659
14661
14663
14665
14667
14669
14671
14673
14675
14865
14861
14863
14887
14889
14891
15459
15455
15457
15461
15463
15465
15467
15469
15493
15495
15523
15569
15953
16005
16001
16003
16007
16009
16011
16013
16015
16017
16033
16555
16591
16587
16589
16593
16595
16597
16929
16925
16927
16931
16933
16935
16937
17047
17043
17045
17049
17051
17053
17369
17365
17367
17483
17479
17481
17485
17487
17489
17491
17493
17495
17501
17503
17505
17499
17497
17595
17591
17593
17597
17599
17601
17603
17605
17607
17613
17615
17617
17619
17621
17623
17625
17627
17629
17631
17633
17609
17611
17763
18107
18159
18273
18287
18835
18831
18833
18837
18839
18841
18843
18845
18847
19415
19411
19413
19417
19419
19421
19423
19425
19427
19433
19435
19437
19439
19441
19443
19429
19431
20101
20097
20099
20103
20105
20107
20109
20111
20113
20119
20121
20123
20125
20115
20117
20237
20311
20307
20309
20313
20559
20579
20575
20577
20581
20583
20585
20587
20589
20591
20593
21259
21311
21307
21309
21313
21315
21317
21319
21321
21323
21325
21327
21947
21943
21945
21949
21951
21953
21955
21957
21959
21965
21967
21961
21963
22021
22017
22019
22023
22025
22027
22029
22031
22033
22533
23189
23849
23845
23847
23851
23853
23855
23857
23859
23861
23863
24025
24027
24029
24031
24033
24035
24037
24039
24041
24043
24045
24047
24049
24051
24053
24055
24057
24059
24061
24063
24065
24067
24069
24071
24073
24075
24219
24579
24575
24577
24581
24583
24585
24587
24589
24591
24597
24599
24595
24593
24645
24647
24649
25045
25209
25205
25207
25211
25213
25215
25217
25219
25221
25245
25247
25249
25223
25383
25385
25387
25389
25391
25393
25395
25397
25399
25401
25403
25405
25331
25333
25335
25337
25339
25341
25343
25345
25347
25349
25351
25353
25355
25357
25359
25361
25363
25365
25367
25369
25371
25373
25375
25377
25379
25381
25481
25483
26089
26085
26087
26725
26721
26723
26727
26729
26731
26733
26811
27351
27405
27401
27403
27407
27409
27411
27413
28129
28125
28127
28131
28133
28135
28137
28139
28141
28147
28149
28143
28145
28569
28565
28567
28571
28573
28575
28577
28579
28581
28587
28589
28583
28585
28663
28659
28661
28665
28667
28669
29039
29041
29297
29293
29295
29299
29301
29303
29305
29307
29309
29613
29609
29611
29615
29617
29619
29621
29623
29625
29627
29629
29847
29843
29845
29849
29851
30067
30063
30065
30069
30071
30073
30075
30077
30079
30085
30087
30089
30081
30083
30213
30243
30239
30241
30245
30247
30249
30251
30253
30317
30313
30315
30319
30321
30323
30325
30327
30329
30551
30935
30931
30933
30937
30939
30941
30943
30945
30947
30953
30955
30957
30959
30961
30949
30951
31161
31157
31159
31163
31165
31211
31207
31209
31213
31215
31217
31263
31259
31261
31365
31373
31487
31659
31655
31657
31661
31663
31665
31667
31669
31671
31673
31675
32083
32201
32197
32199
32203
32205
32207
32209
32687
32683
32685
32689
32691
32693
32695
32697
32699
32705
32707
32709
32711
32713
32715
32701
32703
32931
32927
32929
32935
32937
32939
32941
32943
32945
32949
32951
32953
32955
32957
32959
32961
32963
32965
32967
32969
32933
32947
33139
33135
33137
33141
33143
33145
33147
33149
33151
33157
33153
33155
33411
33407
33409
33413
33415
33417
33419
33421
33423
33429
33431
33433
33435
33437
33439
33425
33427
34795
34791
34793
34797
34799
34801
35265
35261
35263
35267
35697
35693
35695
35721
35719
35751
35753
35755
35757
35759
35761
35763
35765
35767
35769
35771
35829
35831
35947
36117
36685
36687
36689
36691
36847
37191
37293
38033
38029
38031
38035
38037
38039
38041
38043
38179
38175
38177
38181
38227
39061
39057
39059
39063
39065
39067
39069
39071
39073
39079
39081
39083
39085
39087
39089
39091
39093
39095
39097
39099
39101
39075
39103
39077
39185
39491
39487
39489
39493
39495
39497
39499
39501
39503
39509
39511
39505
39507
39553
39555
39557
39559
39561
39563
39565
39567
39569
39713
39709
39711
39715
39717
39719
39721
39861
40165
40161
40163
40167
40209
40205
40207
40211
40213
40215
40217
40219
40221
40227
40229
40231
40233
40235
40237
40239
40223
40225
40245
40247
40249
40251
40253
40277
40279
40281
40283
40315
40317
40319
40321
40323
40325
40575
40977
41681
41677
41679
41683
41765
41761
41763
41767
41769
41771
41773
42035
42061
42057
42059
42063
42065
42067
42069
42071
42073
42079
42081
42075
42077
42087
42633
42629
42631
42635
42637
42639
42641
42643
42645
42651
42653
42655
42657
42659
42661
42663
42665
42667
42647
42649
42721
42741
42737
42739
42743
42745
42759
42761
42763
42765
42819
42815
42817
42821
42823
43135
43131
43133
43413
43409
43411
43415
43417
43419
43421
43423
43425
43431
43427
43429
43623
43707
43703
43705
43709
43711
43713
43715
44179
44175
44177
44201
44203
44369
44371
44425
44421
44423
44477
44479
44743
44739
44741
44745
44747
45091
45119
45197
45199
45207
45209
45497
45739
45735
45737
45741
45743
45745
45757
45759
45747
45749
45751
45753
45755
45793
45795
45797
45799
45801
45803
45805
45807
45809
45815
45817
45819
45821
45823
45825
45827
45829
45813
45811
46077
46073
46075
46079
46205
46201
46203
46207
46209
46211
46213
46699
46701
46811
46813
46989
46985
46987
46991
46993
46995
47281
47283
47315
47461
47729
48071
48067
48069
48073
48075
48077
48079
48081
48083
48089
48091
48093
48085
48087
48207
48203
48205
48209
48211
48213
48215
48217
48237
48239
48241
48243
48245
48247
48249
48251
48253
48259
48261
48263
48255
48257
48267
48269
48271
48273
48275
48277
48279
48281
48283
48289
48291
48293
48295
48297
48299
48301
48285
48287
48425
48877
48885
48881
48883
48887
48889
49291
49287
49289
49293
49295
49391
49387
49389
49657
49653
49655
49659
49661
49663
49665
49667
49669
49675
49671
49673
49781
49783
50547
50549
50901
50897
50899
50903
50905
50907
50909
50911
50913
50919
50921
50923
50925
50927
50929
50931
50933
50935
50937
50915
50917
50983
50985
51783
51779
51781
51785
52163
52159
52161
52165
52167
52169
52171
52173
52175
52181
52183
52185
52187
52177
52179
53153
53155
53733
53729
53731
53735
53737
53739
53741
54353
54349
54351
54355
54357
54359
54361
54363
54365
54371
54373
54375
54377
54379
54367
54369
54433
55091
55161
55357
55353
55355
55359
55373
55361
55363
55365
55367
55371
55369
56191
56193
56283
56279
56281
56285
56287
56289
56291
56293
56295
56301
56303
56305
56307
56309
56311
56313
56315
56317
56319
56321
56323
56297
56325
56299
56381
56383
56385
56387
56389
56391
56405
56855
56969
56965
56967
56971
56973
56975
56977
56979
56981
56987
56989
56991
56993
56983
56985
57183
57179
57181
57185
57615
57611
57613
57617
57619
57621
57623
57625
57627
57633
57635
57637
57629
57631
57803
57799
57801
57805
57807
57809
57811
57813
58021
58141
58267
58263
58265
58269
58271
58273
58275
58277
58279
58283
58281
58455
58451
58453
58457
58459
58619
58615
58617
58621
58623
58625
58627
58629
58631
58871
59109
59161
59157
59159
59163
59295
59347
59533
59703
60541
60537
60539
60543
60559
60561
60563
60545
60547
60549
60551
60553
60555
60557
60839
61363
61359
61361
61365
61367
61369
61371
61373
61375
61381
61383
61385
61387
61389
61391
61393
61395
61397
61399
61401
61377
61379
61613
61609
61611
61615
61617
61619
61621
61623
61625
61631
61633
61635
61627
61629
62379
62375
62377
62835
62831
62857
62859
62893
62895
62897
62899
62901
62903
62905
62907
62909
62911
62957
62953
63095
63097
63275
63277
63293
63295
63297
63299
63301
63303
63305
63307
63309
63311
63317
63325
63313
63315
63319
63323
63329
63331
63419
63415
63417
63459
63555
63551
63553
63557
63559
63561
63563
63585
63587
63761
63757
63759
63763
63765
63767
63769
63771
63773
63843
63863
64127
64123
64125
64129
64131
64279
64275
64277
64281
64283
64285
64287
64435
64431
64433
64719
64715
64717
64721
65197
65193
65195
65199
65303
65299
65301
65305
65307
65309
65311
65313
65315
65321
65323
65325
65327
65329
65331
65333
65335
65337
65339
65341
65317
65319
67019
67015
67017
67021
67023
67025
67027
67029
67031
67033
67035
67537
67539
67699
67695
67697
67701
67703
67705
67707
67709
67711
67717
67719
67721
67723
67713
67715
68025
68027
68159
68155
68157
68161
68163
68165
68167
68169
68171
68397
68655
68651
68653
68657
68659
68661
68663
68665
68667
68673
68675
68677
68679
68681
68683
68685
68687
68689
68669
68671
68835
68837
69189
69185
69187
69191
69193
69195
69235
69373
69375
69543
69539
69541
69545
69547
69603
69599
69601
69605
69607
69609
69693
69689
69691
69695
69697
69821
69817
69819
69823
69825
69827
69829
69831
69833
69883
69885
69961
69963
70697
70699
70763
70759
70761
70765
70767
70769
70771
70773
70775
70781
70779
70777
71095
71091
71093
71261
71441
71437
71439
71443
71445
71623
71933
71935
71955
71957
