105
231
233
455
451
453
457
459
467
469
471
473
475
477
479
481
483
489
491
485
487
673
669
671
675
677
679
681
683
685
695
697
689
691
693
699
687
989
991
1629
1761
1757
1759
1763
1765
1995
1991
1993
1997
1999
2001
2003
2039
2041
2043
2045
2047
2049
2051
2053
2055
2061
2063
2065
2067
2069
2071
2073
2075
2077
2079
2081
2059
2057
2359
2355
2357
2361
2363
2365
2367
2369
2371
2377
2379
2381
2383
2385
2387
2389
2391
2393
2395
2373
2375
2553
2549
2551
2555
2557
2559
2561
2563
2565
2567
2569
3263
3259
3261
3265
3267
3269
3449
4161
4157
4159
4163
4165
4657
4653
4655
4659
4665
4693
4661
4663
4667
4691
4809
4811
4813
4815
4817
4819
4961
4957
4959
4963
4989
5015
5011
5013
5017
5023
5025
5019
5021
5155
5151
5153
5157
5159
5161
5163
5165
5167
5173
5175
5177
5179
5169
5171
5791
6255
6251
6253
6257
6259
6261
6263
6265
6267
6269
6271
6307
6301
6303
6311
6313
6315
6317
6319
6309
6929
6931
6943
6945
6947
6949
6951
6953
6955
6957
6959
7191
7187
7189
7193
7195
7197
7267
7319
7315
7317
7321
7323
7325
7333
7335
7337
7339
7341
7343
7673
7669
7671
7743
7739
7741
8435
8431
8433
8653
8655
8707
8709
9449
9819
10345
10341
10343
10489
10611
10607
10609
10613
10615
10617
10619
10647
10649
10651
10623
10625
10621
10663
10665
10667
10669
10671
10673
10675
10677
10679
10681
10683
10685
10687
10837
10839
10841
10843
10845
10847
10849
10851
10853
10855
10857
10859
10861
10863
11309
11305
11307
11311
11313
11315
11317
11319
11321
11327
11329
11331
11333
11335
11323
11325
11535
11531
11533
11537
11539
11541
11543
11545
11547
11553
11555
11557
11559
11561
11563
11565
11567
11569
11571
11573
11575
11579
11549
11577
11551
11935
12113
12109
12111
12145
12141
12143
12499
12495
12497
12501
12503
12505
12507
12509
12611
12607
12609
12613
12615
12617
12619
12621
12623
12629
12631
12633
12635
12637
12639
12641
12643
12645
12647
12649
12651
12655
12653
12625
12627
12665
12943
12939
12941
12945
12947
12949
12951
12953
13191
13213
13209
13211
13215
13217
13219
13221
13793
13789
13791
13795
13797
13799
13801
13803
13885
13881
13883
13887
13889
13891
13893
13895
13951
13953
14337
14333
14335
14339
14341
14343
14345
14347
14349
14355
14357
14351
14353
14483
14479
14481
14485
14487
14489
14491
14493
14495
14501
14503
14505
14507
14509
14511
14513
14515
14517
14519
14521
14523
14497
14525
14499
15089
15085
15087
15091
15093
15095
15097
15099
15101
15107
15109
15111
15113
15115
15117
15119
15121
15123
15125
15127
15103
15105
15289
15369
15365
15367
15371
15373
15375
15377
15379
15381
15615
15611
15613
15617
15619
15689
15685
15687
15779
15775
15777
15781
15783
15785
15787
15789
15791
16003
16005
16001
16007
16031
16033
16183
16317
16313
16315
16319
16321
16323
16325
16327
16329
16335
16337
16331
16333
16513
16667
16663
16665
16669
16671
16673
16745
16935
16931
16933
16937
16939
16941
16943
16945
16947
16953
16955
16957
16959
16949
16951
17241
17243
17409
17405
17407
17413
17415
17417
17419
17421
17437
17439
17441
17443
17445
17447
17763
17869
17887
17889
17987
17989
17991
17993
17995
17997
17999
18001
18003
18009
18011
18013
18015
18017
18019
18021
18023
18025
18027
18029
18031
18033
18005
18007
18185
18217
18213
18215
18219
18221
18223
18225
18227
18229
18231
18297
18293
18295
18679
18675
18707
18677
18683
18705
18681
18771
18773
18775
18777
18801
18779
18781
18783
18785
18787
18789
18791
18793
18795
18797
18799
18949
18945
18947
18951
18953
18955
18957
18959
18961
18967
18969
18971
18973
18975
18963
18965
19027
19029
19031
19033
19085
19081
19093
19095
19097
19099
19101
19083
19087
19089
19091
19345
19347
19375
19371
19373
19495
19511
19507
19509
19513
19749
19769
19771
19773
19745
19747
19751
19753
19755
19757
19759
19761
19763
19765
19767
19797
19799
19801
19803
19805
19807
19809
19811
19791
19793
19795
19899
20983
20979
20981
20985
20987
20989
22179
22175
22177
22181
22183
22185
22197
22325
22321
22323
22327
22329
22331
22333
22617
22805
22795
22803
22807
22809
22811
22813
22815
22817
22825
22827
22829
22831
22833
22835
22837
22839
22841
22847
22849
22851
22853
22855
22857
22859
22861
22863
22865
22867
22843
22845
23065
23083
23085
23087
23089
23091
23093
23095
23097
23115
23117
23403
23405
23579
23575
23577
24799
25253
25255
25257
25259
25261
25263
25265
25267
25269
25249
25251
25339
25341
25343
25345
25347
25349
25351
25353
25355
25357
25359
25361
25363
25523
26487
26483
26485
26489
26503
26505
26491
26493
26495
26497
26499
26501
26739
26735
26737
26741
26743
26745
26747
26749
26751
26753
26755
26757
26759
26761
26763
26765
26767
26769
26771
26773
26775
26777
26779
26829
26831
27213
27209
27211
27215
27217
27219
27221
27223
27227
27583
28053
28049
28051
28055
28057
28059
28061
28063
28065
28071
28067
28069
28213
28313
28309
28311
28315
28317
28319
28651
28647
28649
28653
29141
29137
29139
29143
29261
29355
29351
29353
29357
29359
29361
29363
29365
29367
29373
29369
29371
29509
29505
29507
29511
29561
29557
29559
29563
29565
29567
29569
29571
29573
29575
29577
29579
29581
29583
29585
29587
29729
29731
29733
29735
29737
29739
29741
29743
29745
29747
29749
29751
29753
29755
29757
29759
29761
29763
29765
29767
29769
29771
29773
29775
29777
29831
29833
29835
29837
29839
29841
29843
29845
29847
29849
29851
29853
29877
29879
29881
29883
29885
29887
29889
29891
29893
29895
29897
29899
29901
29903
29805
29807
29809
29811
29813
29815
29817
29819
29821
29823
29825
29827
29829
29955
29957
29959
29961
29963
29965
29967
29969
29971
29973
29975
29977
29779
29781
29783
29785
29787
29789
29791
29793
29795
29797
29799
29801
29803
29927
29929
29931
29933
29935
29937
29939
29941
29943
29945
29947
29949
29951
29953
30127
30129
30131
30133
30135
30137
30139
30141
30143
30145
30147
30149
30151
30215
30217
30219
30221
30223
30225
30227
30229
30231
30235
30237
30233
30283
30285
30287
30289
30363
30359
30361
30365
30367
30369
30377
30373
30375
30379
30603
30599
30601
30605
30607
30609
30611
30613
30615
30621
30623
30625
30627
30629
30631
30633
30635
30637
30639
30641
30643
30617
30619
30963
30959
30961
30965
30967
30969
30971
30973
30975
30981
30983
30985
30977
30979
31559
31637
31713
31709
31711
31715
31717
31719
31721
31723
31957
32139
32135
32137
32463
32773
32811
32807
32809
32813
32815
32817
32819
32821
32823
32993
32989
32991
33051
33331
33327
33329
33333
33335
33337
33339
33341
33343
33345
33347
33349
33541
33543
33567
33563
33565
33569
33571
33573
33597
33599
33691
33687
33689
33693
33695
33697
33699
33701
33703
33705
33847
33843
33845
33849
33851
33853
33855
33857
33859
33865
33867
33869
33871
33861
33863
34001
33991
33987
33989
33993
33995
33997
33999
34113
34391
34393
34439
34441
34413
34415
34757
34753
34755
34759
34761
34763
34765
34767
34769
34775
34777
34779
34781
34783
34785
34787
34789
34791
34793
34771
34773
34969
34971
35139
35141
35143
35145
35147
35107
35103
35105
35109
35111
35113
35115
35117
35119
35149
35121
35123
35125
35127
35129
35131
35133
35135
35137
35237
35233
35235
35239
35241
35243
35681
35683
35703
35705
35729
35731
35945
35941
35943
35947
35949
35951
35953
35955
35957
35959
35961
35963
35965
35967
35969
35971
35973
35975
35977
35979
35981
35983
35985
35987
36121
36123
36125
36127
36129
36131
36133
36135
36137
36139
36141
36143
36145
36147
36149
36151
36153
36155
36157
36159
36161
36163
36165
36167
36169
36171
36173
36021
36023
36025
36027
36029
36031
36033
36035
36037
36039
36041
36043
36045
36047
36247
36249
36251
36253
36255
36257
36259
36261
36263
36265
36267
36269
36271
36273
36275
36277
36279
36281
36283
36285
36287
36289
36291
36293
36295
36297
36197
36199
36201
36203
36205
36207
36209
36211
36213
36215
36217
36219
36221
36223
36347
36349
36351
36353
36355
36357
36359
36361
36363
36365
36367
36369
36371
36373
36397
36399
36401
36403
36405
36407
36409
36411
36413
36415
36417
36419
36421
36423
36425
36427
36429
36431
36433
36435
36437
36439
36441
36443
36445
36447
36523
36525
36527
36529
36531
36533
36535
36537
36539
36541
36543
36545
36547
37349
37351
37353
37355
37357
37359
37361
37363
37365
37367
37369
37371
37373
37375
37377
37379
37381
37383
37385
37387
37389
37391
37393
37395
37397
37477
37479
37481
37483
37485
37487
37489
37491
37493
37495
37497
37499
37501
37503
37505
37507
37509
37511
37513
37515
37517
37519
37521
37523
37525
37399
37401
37403
37405
37407
37409
37411
37413
37415
37417
37419
37421
37423
37451
37453
37455
37457
37459
37461
37463
37465
37467
37469
37471
37473
37475
37575
37577
37579
37581
37583
37585
37587
37589
37591
37593
37595
37597
37599
37425
37427
37429
37431
37433
37435
37437
37439
37441
37443
37445
37447
37449
37837
37839
37917
37913
37939
37941
38387
38383
38385
38389
38391
38393
38395
38397
38427
38429
38431
38433
38435
38437
38439
38441
38443
38449
38451
38445
38447
38523
38519
38521
38525
38527
38529
38531
38533
38535
38541
38543
38545
38547
38549
38551
38537
38539
38559
38791
38787
38789
38793
38795
38797
38799
38801
38817
39037
39039
39041
39043
39045
39047
39049
39051
39053
39073
39075
39077
39079
39081
39083
39085
39087
39089
39091
39057
39059
39061
39063
39065
39067
39069
39071
39093
39055
39159
39161
39299
39301
39371
39367
39369
39373
39375
39377
39379
39381
39383
39389
39391
39393
39395
39385
39387
40555
40551
40553
40757
40753
40755
40759
40761
40763
40765
40767
40769
40777
40779
40775
40781
40771
40773
41451
41447
41449
41453
41455
41457
41459
41461
41463
41469
41471
41467
41465
41595
41591
41593
41597
41599
41601
41603
41605
41607
41613
41615
41617
41619
41621
41623
41625
41627
41629
41631
41611
41609
41975
42119
42137
42139
42199
42201
42203
42205
42207
42537
42533
42535
42539
42541
42543
42545
42547
42549
42551
42821
42815
42825
42819
42823
42827
42829
42831
42833
42835
43881
44357
44353
44355
44359
44361
44583
44579
44581
44585
44587
44589
44591
44593
44597
44599
44601
44603
44723
44813
44809
44811
44815
44817
44819
44821
44823
45321
45317
45319
45323
45325
45327
45329
45331
45333
45659
45655
45657
45661
45663
45665
45667
45669
45671
45677
45679
45681
45683
45685
45673
45675
45745
45741
45743
45747
45749
45751
45783
45785
45787
45789
45791
45827
45823
45825
45829
45875
45871
45873
45877
45879
45881
46481
46477
46479
46483
46485
46487
46489
46491
46493
46499
46501
46495
46497
46553
46549
46551
46555
46685
46681
46683
46687
46689
46691
46693
46695
46697
46703
46699
46701
46843
46839
46841
46845
46847
46849
46851
47229
47225
47227
47231
47233
47235
47377
47373
47375
47379
47381
47383
47385
47387
47389
47395
47397
47399
47401
47403
47405
47407
47409
47411
47413
47415
47417
47391
47393
48001
48147
48187
48183
48185
48189
48191
48193
48195
48197
48199
48205
48207
48209
48201
48203
48235
48237
48239
48241
48243
48245
48247
48425
48421
48423
48427
48429
48431
48433
48435
48437
48443
48445
48447
48449
48439
48441
48785
48781
48783
48789
48791
48889
48885
48887
48891
48893
48895
48897
48899
48901
48907
48909
48911
48913
48915
48917
48919
48921
48923
48925
48927
48929
48933
48903
48931
48905
49509
49505
49507
49511
49513
50245
50241
50243
50247
50249
50251
50253
50263
50265
50267
50269
50271
50273
50255
50257
50259
50261
50315
50317
50319
50321
50323
50381
50445
50441
50443
50447
50449
50451
50523
50525
50545
50571
50573
50547
50777
50773
50775
50779
50781
50783
50785
50853
51105
51107
51133
51135
51157
51177
51155
52577
52933
52935
52937
52939
52941
52943
52945
52947
52949
52951
52961
52963
52965
52967
52969
52971
53019
53015
53017
53021
53215
53217
53233
53479
53475
53477
53481
53483
53485
53487
53537
53783
53779
53781
53785
53787
53789
53791
53793
53795
53801
53803
53805
53797
53799
54277
54313
54315
55097
55153
55291
55287
55289
55293
55295
55297
55299
55317
55319
55321
55323
55325
55327
55329
55331
55333
55339
55341
55343
55345
55347
55335
55337
55349
55351
55353
55511
55507
55509
55513
55515
55517
55519
55521
55523
55525
55553
55563
55565
55567
55569
55571
55573
55575
55577
55579
55581
55555
55557
55559
55561
55601
55603
55605
55607
55609
55697
55693
55695
55699
55701
55703
55705
55707
55931
55927
55929
55933
55937
56165
56161
56163
56167
56169
56171
56173
56175
56313
56315
56491
56509
56505
56507
56511
56513
56515
56517
56519
56521
56903
56899
56901
56905
56907
56909
56911
56913
56915
56921
56917
56919
56947
56949
56951
57023
57123
57429
57425
57427
57431
57433
57435
57437
57439
57441
57447
57449
57451
57453
57455
57443
57445
57457
58299
58295
58297
58301
58303
58305
58307
58925
59073
59069
59071
59075
59077
59079
59081
59083
59117
59127
59129
59131
59133
59135
59137
59139
59141
59143
59145
59119
59125
59121
59123
59489
59651
59647
59649
59653
59655
59657
59659
59661
59847
59843
59845
59849
59851
59853
59855
59857
59859
59865
59867
59869
59871
59873
59875
59861
59863
60349
60345
60347
60351
60353
60355
60357
60359
60361
60367
60369
60371
60373
60375
60377
60379
60381
60383
60363
60365
60741
60737
60739
60743
60745
60747
60749
60751
60753
60759
60761
60763
60765
60767
60769
60755
60757
60873
60869
60871
60875
60877
60879
60881
61223
61219
61221
61225
61227
61229
61231
61233
61235
61241
61243
61245
61247
61249
61251
61253
61255
61257
61237
61239
61261
61707
61703
61705
61709
61711
61713
61715
61717
61719
61725
61727
61729
61731
61721
61723
61805
61807
62023
62099
62095
62097
62101
62103
62163
62165
62187
62211
62213
62185
62445
62441
62443
62447
62449
62451
62453
62455
62457
62753
62971
62985
62987
63107
63271
63267
63269
63663
63741
63967
63963
63965
63969
63971
63973
63975
63977
63979
63995
63997
63999
64001
64003
64005
64007
64009
64011
64013
64015
64097
64093
64095
64419
64415
64417
64421
64423
64425
64427
64429
64477
64473
64475
64479
64481
64483
64485
64487
64489
64495
64497
64499
64501
64503
64491
64493
64699
64695
64697
64701
64703
64705
64707
64709
64711
64717
64713
64715
64869
65109
65105
65107
65111
65113
65115
65117
65119
65121
65123
65125
65127
65129
65131
65133
65197
65193
65195
65199
65201
65203
65403
65911
65907
65909
65913
65915
65917
65919
66105
66575
66571
66573
66577
66657
67105
67265
67267
67529
67539
67541
67561
67563
67743
67739
67741
67745
68089
68085
68087
68091
68093
68095
68097
68099
68101
68105
68107
68109
68111
68113
68115
68343
68345
68347
68349
68351
68353
68355
68357
68359
68365
68367
68369
68361
68363
68427
68965
68961
68963
68967
68969
68971
68973
68975
68977
68983
68985
68987
68979
68981
69133
69135
69155
69181
69183
69157
69281
69277
69279
69283
69285
69287
69481
69477
69479
69483
69485
69487
69489
69673
69893
69889
69891
69895
69897
69899
70109
70105
70107
70171
70167
70169
70197
70193
70195
70199
70201
70335
70331
70333
70337
70339
70341
70343
70345
70347
70353
70355
70357
70349
70351
70471
70467
70469
70473
70475
70477
70479
70481
70483
70489
70491
70493
70495
70497
70499
70501
70503
70505
70507
70485
70487
70549
70551
70553
70555
70557
70559
70561
70563
70565
70567
70569
70577
70571
70573
70579
70581
70583
70599
70601
70691
71027
71023
71025
71029
71031
71033
71035
71037
71045
71047
71049
71051
71053
71055
71057
71059
71061
71039
71041
71043
71275
71719
71715
71717
71721
71727
71755
71723
71725
71729
71771
71773
71775
71777
71779
71781
71783
71785
71787
71789
71791
71793
71795
71753
71845
71847
71849
71851
71853
71855
71857
71859
71861
71863
71865
71867
71869
71885
71883
71887
71889
71891
71971
