295
291
293
297
299
301
303
305
307
309
311
317
319
321
323
325
313
315
497
499
501
503
505
507
509
511
513
515
517
519
521
523
525
527
529
531
533
535
537
539
541
543
545
547
549
551
553
555
557
559
561
563
565
567
569
571
573
697
699
701
703
705
707
709
711
713
715
717
719
721
723
725
727
729
731
733
735
737
739
741
743
745
747
749
751
753
755
757
759
761
763
765
767
769
771
623
625
627
629
631
633
635
637
639
641
643
645
647
847
849
851
853
855
857
859
861
863
865
867
869
923
925
927
929
931
933
935
937
939
941
943
945
947
871
873
875
877
879
881
883
885
887
889
891
893
895
897
899
901
903
905
907
909
911
913
915
917
919
921
1081
1219
1215
1217
1221
1433
1429
1431
1435
1437
1439
1441
1443
1445
1451
1453
1455
1457
1459
1461
1463
1465
1467
1469
1471
1473
1447
1449
1483
1485
1487
1489
1491
1493
1495
1497
1513
1515
1517
1519
1521
1523
1525
1527
1529
2359
2653
2649
2675
2677
2757
3501
3497
3499
3503
3505
3507
3509
3511
3513
3515
3517
3893
3895
4179
4725
4721
4723
4727
4729
4731
4733
4735
4737
4739
4741
4897
4893
4895
4933
4929
4931
5099
5095
5097
5101
5241
5237
5239
5243
5245
5247
5249
5251
5253
5259
5261
5255
5257
5389
5385
5387
5391
5393
5395
5397
5399
5401
5403
5405
5503
5581
5577
5579
5583
5585
5643
5639
5641
5645
5647
5649
5651
5653
5895
5891
5893
7125
7121
7123
7127
7129
7131
7133
7135
7137
7139
7141
7225
7467
7463
7465
7469
7471
7473
7475
7617
7613
7615
7619
7621
7623
7625
7627
7779
7781
7827
7829
7801
7803
8029
8025
8027
8031
8033
8035
8037
8039
8041
8047
8049
8051
8053
8055
8057
8043
8045
8111
8113
8249
8245
8247
8251
8253
8255
8257
8259
8261
8263
8265
8267
8269
8419
8415
8417
8421
8423
8425
8427
8429
8431
9233
9229
9231
9235
9237
9239
9241
9243
9267
9269
9271
9273
9275
9277
9279
9281
9283
9289
9291
9293
9285
9287
9319
9321
9323
9715
9711
9713
9717
9719
9721
10321
10653
10655
10887
10883
10885
10889
10891
10893
10895
10897
10899
10901
10903
11027
11023
11025
11029
11031
11033
11035
11037
11039
11045
11047
11049
11041
11043
11147
11143
11145
11149
11193
11381
11377
11379
11383
11385
11387
11389
11391
11393
11395
11397
11565
11695
11691
11693
11697
11699
11701
11703
11705
11707
11709
11711
11713
11715
11717
11783
11779
11781
11785
12215
12453
12449
12451
12455
12457
12459
12461
12489
12491
12493
12463
12465
12467
12505
12507
12509
12511
12513
12515
12517
12519
12521
12523
12525
12527
12529
12605
12607
12609
12611
12613
12615
12617
12619
12621
12623
12625
12627
12629
13579
13575
13577
13581
13583
13585
13587
13765
13767
13983
14043
14045
14861
14857
14859
14863
14865
14867
14869
14871
14873
14879
14881
14883
14885
14887
14889
14891
14893
14895
14897
14899
14901
14905
14903
14907
14875
14877
15071
15145
15141
15143
15147
15149
15151
15153
15155
15157
15159
15161
15423
15419
15421
15425
15427
15571
15761
15757
15759
15763
15765
15767
15769
15771
15773
15779
15781
15783
15775
15777
16011
16007
16009
16013
16029
16473
16469
16471
16475
16477
16479
16481
16483
16485
16489
16491
16493
16495
16487
16799
16811
16841
16843
16829
16831
16845
17219
17215
17217
17221
17223
17237
17225
17235
17227
17229
17245
17247
17249
17251
17253
17255
17257
17231
17233
18019
18015
18017
18021
18023
18025
18027
18029
18035
18031
18033
18037
18061
18063
18065
18119
18121
18123
18125
18127
18129
18131
18133
18135
18137
18139
18141
18143
18145
18147
18149
18151
18153
18155
18157
18159
18161
18163
18165
18167
18169
18221
18223
18225
18227
18229
18231
18233
18235
18237
18239
18241
18243
18245
18395
18397
18399
18401
18403
18405
18407
18409
18411
18413
18321
18323
18325
18327
18329
18331
18333
18335
18337
18339
18341
18343
18345
18687
18683
18685
18737
19095
19501
19893
19889
19891
19895
19897
19899
19901
19903
19957
19953
19955
19959
19961
19963
19965
19967
19969
20199
20195
20197
20201
20203
20205
20207
20209
20211
20373
20369
20371
20381
20375
20377
20383
20385
20437
20543
20539
20541
20771
20773
21079
21567
21743
21739
21741
21745
21747
21749
21751
21753
21755
21761
21763
21765
21767
21769
21771
21773
21775
21777
21779
21781
21783
21757
21759
21921
21917
21919
21923
21925
21927
21929
22379
22381
23555
23551
23553
23557
23559
23561
23563
23565
23567
23573
23569
23571
23771
23767
23769
23773
23775
23777
23779
23781
23783
23789
23791
23793
23795
23797
23785
23787
23843
24119
24115
24117
24121
24123
24181
24453
24449
24451
24455
24457
24459
24461
24463
24465
24471
24473
24475
24477
24479
24481
24483
24485
24467
24469
25133
25129
25131
25135
25137
25139
25515
25655
25693
25689
25691
25695
25697
25699
25701
25703
25705
25875
25877
26093
26231
26227
26229
26233
26235
26237
26239
26241
26243
26245
26247
26249
26323
26319
26321
26325
26449
26451
26453
26455
26623
26619
26621
26625
26627
26629
26631
26633
26635
27359
27435
27437
27533
27529
27531
27535
27537
27539
27541
27543
27545
27547
27861
27863
27865
28145
29243
29315
29317
29319
29321
29323
29325
29327
29329
29331
29333
29335
29337
29311
29313
29339
29341
29359
29361
29363
29365
29367
29369
29371
29373
29375
29381
29383
29385
29387
29389
29377
29379
29419
29421
29423
29425
29427
29429
29453
29451
29455
29541
29543
29545
29547
29549
30093
30089
30091
30095
30097
30099
30101
30129
30131
30133
30135
30137
30139
30141
30143
30145
30357
30439
30435
30437
30441
30443
30445
30447
30449
30451
30453
30533
30529
30531
30535
30537
30539
30541
30543
30545
30721
30717
30719
30723
30725
30727
30729
30731
30733
30735
30737
30813
31379
31455
31451
31453
31457
31459
31463
31465
31467
31469
31473
31461
31471
31715
31711
31713
31875
31877
32033
32035
32037
32039
32041
32043
32045
32047
32049
32051
32053
32055
32057
32059
32061
32063
32065
32067
32069
32071
32073
32075
32077
32079
32081
32083
32109
32111
32113
32115
32117
32119
32121
32123
32125
32127
32129
32131
32133
32135
32137
32139
32141
32143
32145
32147
32149
32151
32153
32155
32157
32159
32161
32163
32165
32167
32169
32171
32173
32175
32177
32179
32181
32183
32259
32261
32263
32265
32267
32269
32271
32273
32275
32277
32279
32281
32283
32285
32287
32289
32291
32293
32295
32297
32299
32301
32303
32305
32307
32309
32311
32313
32315
32317
32319
32321
32323
32325
32327
32329
32331
32333
32753
32749
32751
32755
32757
32759
32761
32763
32765
33117
33113
33115
33119
33685
33681
33683
33687
33689
33691
34077
34073
34075
34079
34081
34083
34085
34087
34089
34095
34091
34093
34201
34213
34217
34215
34211
36301
36519
36515
36517
36521
36523
36525
36527
36529
36531
36537
36539
36541
36543
36545
36547
36549
36551
36553
36555
36557
36559
36535
36533
37455
37451
37453
37457
37459
37461
37463
37465
37515
37511
37513
37517
37519
37521
37523
37525
37527
37533
37535
37537
37529
37531
37541
37543
37545
37713
37709
37711
37715
37717
37985
37981
37983
37987
37989
37991
37993
37995
37997
38003
38005
38007
38009
38011
38013
38015
38017
38019
38021
38023
38025
38001
37999
38169
38189
38185
38187
38191
38193
38195
38823
38819
38827
38821
38825
38829
38875
38877
38879
38881
38883
38885
38887
38889
38891
38893
38895
38897
38899
38901
38903
38905
38907
38909
38911
38913
38915
38917
38919
38921
38853
38855
38923
38925
38951
38953
38955
38957
38959
38961
38963
38965
39247
39249
39353
39349
39351
39355
39357
39359
39361
39363
39365
39371
39373
39375
39377
39379
39381
39383
39385
39387
39389
39367
39369
39795
39791
39793
39797
39897
39899
40149
40145
40147
40215
40211
40213
40217
40219
40221
40223
40747
40743
40745
40991
41147
41143
41145
41149
41151
41153
41155
41563
41559
41561
41565
41567
41569
41571
41573
41575
41581
41583
41585
41587
41589
41577
41579
42023
42027
42019
42021
42025
42029
42075
42077
42079
42081
42083
42085
42087
42089
42091
42093
42095
42097
42099
42101
42103
42105
42107
42109
42111
42113
42115
42117
42119
42121
42123
42053
42055
42215
42449
42445
42447
42651
42647
42649
42653
42655
42657
42659
42661
42663
42669
42671
42673
42675
42677
42679
42665
42667
42741
42743
42745
42747
42811
43227
43239
43235
43237
43819
43815
43817
43821
44485
44833
44829
44831
44835
44837
44839
44841
44843
44845
44881
44883
44885
44887
44889
44891
44893
44895
44897
44903
44905
44899
44901
44911
44913
44915
44917
44919
44921
44923
44925
44927
44929
44947
44943
44967
44969
44971
45227
45223
45225
45229
45231
45233
45235
45237
45245
45247
45239
45241
45243
45301
45297
45299
45303
45305
45307
45309
45311
45313
45319
45321
45323
45325
45327
45329
45331
45333
45335
45337
45339
45341
45345
45343
45347
45315
45317
45405
45407
45409
45411
45413
45415
45417
45419
45421
45427
45423
45425
45503
45619
45615
45617
45643
46131
46127
46129
46133
46135
46137
46139
46141
46143
46149
46151
46153
46155
46157
46159
46145
46147
46203
46205
46207
46209
46211
46213
46595
46593
46597
46599
46601
46603
46605
46607
46609
46613
46591
46611
46617
46619
46621
46623
46625
46627
46629
46631
46661
46663
47355
47351
47353
47357
47359
47361
47363
47965
47961
47963
47967
47969
47971
47973
47975
48015
48017
48019
48021
48023
48025
48069
48065
48067
48071
48073
48075
48077
48079
48081
48087
48085
48089
48091
48093
48095
48083
48151
49145
49141
49143
49147
49149
49151
49153
49155
49157
49163
49159
49161
49261
49257
49259
49263
49265
49267
49269
49271
49273
49279
49281
49275
49277
49323
49325
49327
49409
49405
49407
49411
49413
49427
49429
49431
49729
49905
49901
49903
49907
49909
49911
49947
49949
50339
50335
50337
50341
50343
50345
50347
50349
50351
50357
50359
50361
50365
50363
50439
50441
50573
50575
50571
50567
50569
50991
51151
51463
51459
51461
51465
51613
52007
52021
52151
52147
52149
52153
52155
52157
52159
52161
52163
52351
52505
52501
52503
52507
52509
52511
52513
52515
52517
52519
52521
52523
52529
52525
52527
52531
52557
52559
52561
52563
52565
52567
52569
52571
52573
52575
52577
52579
52553
52581
52583
52585
52587
52589
52591
52593
52595
52597
52599
52601
52603
52605
52607
52709
52711
52713
52715
52717
52719
52721
52723
52725
52727
52729
52731
52657
52659
52661
52663
52665
52667
52669
52671
52673
52675
52677
52679
52833
52835
52837
52839
52841
52843
52845
52847
52849
52851
52853
52855
52857
52859
52861
52863
52865
52867
52869
52871
52873
52875
52877
52879
52881
52883
52681
52683
52685
52687
52689
52691
52693
52695
52697
52699
52701
52703
52705
52707
52933
52935
52937
52939
52941
52943
52945
52947
52949
52951
52953
52955
52957
52983
52985
52987
52989
52991
52993
52995
52997
52999
53001
53003
53005
53007
53083
53085
53087
53089
53091
53093
53095
53097
53099
53101
53103
53105
53107
53109
53111
53113
53115
53117
53119
53121
53123
53125
53127
53129
53131
53133
53135
53463
53459
53461
53465
53467
53469
53471
53473
53475
53481
53483
53485
53487
53489
53491
53477
53479
54125
54455
54451
54453
55505
55533
55529
55531
55535
55537
55539
55541
55543
55545
55551
55553
55555
55557
55559
55561
55563
55565
55547
55549
55815
55817
55821
55823
55825
55827
55829
55819
56021
56023
56245
56247
56759
56761
57535
57531
57533
58027
58107
58103
58105
58109
58111
58113
58115
58117
58119
58121
58123
58125
58127
58129
58131
58133
58209
58211
58213
58215
58217
58219
58221
58223
58225
58227
58229
58231
58233
58235
58237
58239
58241
58243
58245
58247
58249
58251
58253
58255
58257
58409
58411
58413
58415
58417
58419
58421
58423
58425
58427
58429
58431
58433
58435
58259
58261
58263
58265
58267
58269
58271
58273
58275
58277
58279
58281
58283
58285
58287
58289
58291
58293
58295
58297
58299
58301
58303
58305
58307
58309
58459
58461
58463
58465
58467
58469
58471
58473
58475
58477
58479
58481
58483
58485
58487
58489
58491
58493
58495
58497
58499
58501
58503
58505
58507
58509
58535
58537
58539
58541
58543
58545
58547
58549
58551
58553
58555
58557
58559
58561
58563
58565
58567
58569
58571
58573
58575
58577
58579
58581
58583
58585
58587
58589
58591
58593
58595
58597
58599
58601
58603
58605
58607
58609
58661
58663
58665
58667
58669
58671
58673
58675
58677
58679
58681
58683
58685
58735
58737
58739
58741
58743
58745
58747
58749
58751
58753
58755
58757
58759
58787
58789
58791
58793
58795
58797
58799
58801
58803
58805
58807
58809
58635
58637
58639
58641
58643
58645
58647
58649
58651
58653
58655
58657
58659
58761
58763
58765
58767
58769
58771
58773
58775
58777
58779
58781
58783
58785
59089
59085
59093
59087
59091
59097
59099
59101
59103
59105
59445
59447
59497
59493
59495
59499
59501
59503
59505
59507
59713
59709
59711
59715
59717
59719
59863
59933
59929
59931
59981
59983
60197
60193
60195
60199
60201
60203
60205
60207
60209
60215
60217
60219
60221
60211
60213
60433
60429
60431
60435
60437
60783
61219
61255
61257
61277
61279
61325
61327
61329
61331
61333
61335
61337
61339
61341
61347
61349
61351
61353
61357
61359
61361
61363
61365
61367
61369
61355
61343
61345
61759
61755
61757
61761
61763
61765
61767
61769
61771
61777
61775
61773
61961
61957
61959
61963
61965
61967
61969
61971
61973
61979
61981
61975
61977
62217
62337
62339
62355
62357
62627
62975
62971
62973
62977
62979
62981
62983
62985
62987
62993
62995
62997
62999
63001
62989
62991
63323
63319
63321
63325
63327
63329
63331
63333
63335
63337
63339
63567
63563
63565
63569
63571
63573
63575
63577
63579
63585
63587
63589
63591
63593
63595
63597
63599
63601
63603
63605
63607
63611
63609
63581
63583
63657
63653
63655
63659
63661
63663
63675
63665
63667
63669
63671
63673
64003
64621
64617
64619
64623
64625
64627
64629
64631
64633
64639
64641
64643
64645
64647
64649
64651
64635
64637
64683
64679
64681
64685
64687
64689
64691
64693
64695
64809
64805
64807
64811
64813
64815
64817
64819
64821
64827
64829
64831
64833
64835
64837
64839
64841
64823
64825
65093
65097
65099
65101
65103
65105
65107
65109
65111
65113
65115
65117
65095
65091
65331
65327
65329
65333
65335
65337
65389
65391
65479
65981
65977
65979
65983
65985
65987
66549
66545
66547
66551
66553
66555
66557
66559
66561
66567
66569
66563
66565
66619
67043
67039
67041
67045
67047
67049
67051
67053
67055
67061
67063
67057
67059
67229
67225
67227
67451
67447
67449
67453
67455
67457
67459
67461
67463
67469
67471
67473
67475
67477
67479
67481
67483
67465
67467
67723
67719
67721
67819
67815
67817
67821
67823
67837
67839
67841
67843
67845
67847
67849
67851
67825
67827
67829
67831
67833
67835
68257
68253
68255
68259
68261
68263
68265
68267
68483
68479
68481
68485
68487
68489
68913
68909
68911
68915
68917
68919
68921
68923
69197
69493
69495
69505
69567
69569
69597
69593
69595
69599
69601
69603
69605
69607
69609
69611
69613
69615
69617
69619
69621
69933
69929
69931
70399
70395
70397
70401
70457
70453
70455
70459
70461
70463
70959
71099
71095
71097
71101
71103
71105
71107
71109
71111
71113
71115
71117
71119
71121
71123
71125
71259
71261
71263
71265
71267
71269
71271
71273
71275
71277
71279
71281
71283
71285
71287
71289
71291
71293
71295
71297
71299
71301
71303
71305
71307
71309
71383
71385
71387
71389
71391
71393
71395
71397
71399
71401
71403
71405
71407
71409
71433
71435
71437
71439
71441
71443
71445
71447
71449
71451
71453
71455
71457
71483
71485
71487
71489
71491
71493
71495
71497
71499
71501
71503
71505
71507
71533
71535
71537
71539
71541
71543
71545
71547
71549
71551
71553
71555
71557
71559
71561
71563
71565
71567
71569
71571
71573
71575
71577
71579
71581
71583
71585
71587
71589
71591
71593
71595
71597
71599
71601
71603
71605
71607
71631
71633
71635
71637
71639
71641
71643
71645
71647
71649
71651
71653
71655
71681
71683
71685
71687
71689
71691
71693
71695
71697
71699
71701
71703
71705
71707
71709
71711
71713
71715
71717
71719
71721
71723
71725
71727
71729
71731
71759
71761
71763
71765
71767
71769
71771
71773
71775
71809
71805
71807
71811
71813
71815
71817
71819
71821
71827
71829
71831
71833
71835
71837
71839
71841
71843
71845
71847
71849
71823
71825
71943
71969
71945
71941
71967
