0.00324010848999 0 0 0
0.0160820484161 0 0 0
0.028223991394 0 0 0
0.0403249263763 0 0 0
0.0524621009827 0 0 0
0.0645360946655 0 0 0
0.0766000747681 0 0 0
0.0889410972595 0 0 0
0.10154914856 0 0 0
0.114500999451 0 0 0
0.127135038376 0 0 0
0.139693975449 0 0 0
0.152261018753 0 0 0
0.165347099304 0 0 0
0.177753925323 0 0 0
0.190257072449 0 0 0
0.203069925308 0 0 0
0.215358972549 0 0 0
0.227906942368 0 0 0
0.240347146988 0 0 0
0.252680063248 0 0 0
0.265237092972 0 1 0
0.278026103973 0 1 0
0.290614128113 0 1 0
0.303475141525 0 1 0
0.316651105881 0 1 0
0.329198122025 0 1 0
0.342746973038 0 1 0
0.356899023056 0 1 0
0.370129108429 0 1 0
0.383202075958 0 1 0
0.396147966385 0 1 0
0.40966796875 0 1 0
0.422196149826 0 1 0
0.434798955917 0 1 0
0.447859048843 0 1 0
0.460849046707 0 1 0
0.474166154861 0 1 0
0.487776041031 0 1 0
0.500822067261 0 2 0
0.514394044876 0 2 0
0.527578115463 0 2 0
0.540436983109 0 2 0
0.553854942322 0 2 0
0.566997051239 0 2 0
0.579869031906 0 2 0
0.592528104782 0 2 0
0.60519695282 0 2 0
0.618113994598 0 2 0
0.63080906868 0 2 0
0.64342713356 0 2 0
0.655821084976 0 2 0
0.668091058731 0 2 0
0.680634021759 0 2 0
0.693093061447 0 2 0
0.706066131592 0 2 0
0.718363046646 0 2 0
0.730498075485 0 2 0
0.742532968521 0 2 0
0.754590034485 0 2 0
0.766529083252 0 2 0
0.778573989868 0 2 0
0.790483951569 0 2 0
0.802541017532 0 2 0
0.814723968506 0 2 0
0.826910972595 0 2 0
0.839020013809 0 2 0
0.851156949997 0 2 0
0.863186120987 0 2 0
0.875108003616 0 2 0
0.887110948563 0 2 0
0.899184942245 0 2 0
0.911077022552 0 2 0
0.923054933548 0 2 0
0.935131072998 0 2 0
0.947196006775 0 2 0
0.959185123444 0 2 0
0.971182107925 0 2 0
0.983154058456 0 2 0
0.995108127594 0 2 0
1.00708603859 0 2 0
1.01911711693 0 2 0
1.03117203712 0 2 0
1.04340696335 0 2 0
1.0558719635 0 2 0
1.06871604919 0 2 0
1.08129096031 0 2 0
1.09348106384 0 2 0
1.10603404045 0 2 0
1.11892914772 0 2 0
1.13185501099 0 2 0
1.14437198639 0 2 0
1.15687704086 0 2 0
1.16997909546 0 2 0
1.18273901939 0 2 0
1.19504499435 0 2 0
1.20753002167 0 2 0
1.21983003616 0 2 0
1.2324180603 0 2 0
1.24537301064 0 2 0
1.25785398483 0 4 0
1.27030706406 0 4 0
1.28262710571 0 4 0
1.29504013062 0 4 0
1.30710315704 0 4 0
1.31944298744 0 4 0
1.33227515221 0 4 0
1.34463310242 0 4 0
1.35711598396 0 4 0
1.36944103241 0 4 0
1.38177609444 0 4 0
1.39419102669 0 4 0
1.406717062 0 4 0
1.41911697388 0 4 0
1.43146014214 0 4 0
1.44380402565 0 4 0
1.45627593994 0 4 0
1.46861696243 0 4 0
1.48057198524 0 4 0
1.49304699898 0 4 0
1.50539398193 0 4 0
1.51848101616 0 4 0
1.53084111214 0 4 0
1.54321694374 0 4 0
1.55558300018 1 4 0
1.56784200668 0 5 0
1.57976794243 0 5 0
1.59227895737 0 5 0
1.60487294197 0 5 0
1.61713695526 0 5 0
1.62967014313 0 5 0
1.64152812958 0 5 0
1.65339493752 0 5 0
1.66525697708 0 5 0
1.677120924 0 5 0
1.68956804276 0 5 0
1.70211410522 0 5 0
1.71467900276 0 5 0
1.7272670269 0 5 0
1.73975610733 0 5 0
1.75166106224 0 5 0
1.76426196098 0 5 0
1.77626895905 0 5 0
1.78825807571 0 5 0
1.80106115341 0 5 0
1.81414699554 0 5 0
1.82720899582 0 5 0
1.84008312225 0 5 0
1.85348892212 0 5 0
1.86695313454 0 5 0
1.88046312332 0 5 0
1.89339995384 0 5 0
1.90569806099 0 5 0
1.91879105568 0 5 0
1.93224215508 0 5 0
1.94562196732 0 5 0
1.95894002914 0 5 0
1.97206902504 0 5 0
1.98505592346 0 5 0
1.99808692932 0 5 0
2.01116013527 0 5 0
2.02446913719 0 5 0
2.0376060009 0 5 0
2.05071806908 0 5 0
2.06381511688 0 5 0
2.0768430233 0 5 0
2.09002995491 0 5 0
2.10324192047 0 5 0
2.1164021492 0 5 0
2.13008403778 0 5 0
2.14358592033 0 5 0
2.1571290493 0 5 0
2.17064595222 0 5 0
2.18470001221 0 5 0
2.19819903374 0 5 0
2.21159911156 0 5 0
2.2249519825 0 5 0
2.23783898354 0 5 0
2.25078606606 0 5 0
2.26372599602 0 5 0
2.27699708939 0 5 0
2.29048800468 0 5 0
2.30404901505 0 5 0
2.31753396988 0 5 0
2.33086705208 0 5 0
2.34442806244 0 5 0
2.35823392868 0 5 0
2.37223315239 0 5 0
2.38593411446 0 5 0
2.39952993393 0 5 0
2.41316509247 0 5 0
2.4265460968 0 5 0
2.43985199928 0 5 0
2.45303297043 0 5 0
2.46673202515 0 5 0
2.48037099838 0 5 0
2.49401712418 0 5 0
2.50769805908 0 5 0
2.52140402794 0 5 0
2.53391909599 0 5 0
2.54679393768 0 5 0
2.56017613411 0 5 0
2.57344698906 0 5 0
2.58694314957 0 5 0
2.60025310516 0 5 0
2.61297392845 0 5 0
2.62624406815 0 5 0
2.64077711105 0 5 0
2.65323495865 0 5 0
2.66576099396 0 5 0
2.67845511436 0 5 0
2.69073009491 0 5 0
2.70303201675 0 5 0
2.7153069973 0 5 0
2.72756004333 0 5 0
2.73984193802 0 5 0
2.75207400322 0 5 0
2.76434206963 0 5 0
2.77641797066 0 5 0
2.78855895996 0 5 0
2.80067801476 0 5 0
2.81283807755 0 5 0
2.82521796227 0 5 0
2.83723092079 0 5 0
2.84921693802 0 5 0
2.86122393608 0 5 0
2.87319397926 0 5 0
2.88504314423 0 5 0
2.89705204964 0 5 0
2.90904211998 0 5 0
2.92113494873 0 5 0
2.93326115608 0 5 0
2.94545197487 0 5 0
2.95761609077 0 5 0
2.96983909607 0 5 0
2.98305892944 0 5 0
2.99621415138 0 5 0
3.0088031292 0 5 0
3.02156615257 0 5 0
3.03402400017 0 5 0
3.04638195038 0 5 0
3.05874705315 0 5 0
3.07124114037 0 5 0
3.08351802826 0 5 0
3.09582400322 0 5 0
3.10803198814 0 5 0
3.12030410767 0 5 0
3.13307094574 0 5 0
3.14603114128 0 5 0
3.15885615349 0 5 0
3.17172598839 0 5 0
3.1847319603 0 5 0
3.19752407074 0 5 0
3.21147108078 0 5 0
3.2252099514 0 5 0
3.23857212067 0 5 0
3.25317692757 0 5 0
3.2669839859 0 5 0
3.28086614609 0 5 0
3.29458212852 0 5 0
3.30813503265 0 5 0
3.32174015045 0 5 0
3.33547496796 0 5 0
3.34934401512 0 5 0
3.36300611496 0 5 0
3.37681698799 0 5 0
3.39035415649 0 5 0
3.40384197235 0 5 0
3.41699695587 0 5 0
3.43009305 0 5 0
3.44321393967 0 5 0
3.45645904541 0 5 0
3.46978712082 0 5 0
3.48291897774 0 5 0
3.49600815773 0 5 0
3.50931811333 0 5 0
3.52254509926 0 5 0
3.53575110435 0 5 0
3.54863595963 0 5 0
3.5619020462 0 5 0
3.57458305359 0 5 0
3.58724808693 0 5 0
3.5999879837 0 5 0
3.61300396919 0 5 0
3.62607598305 0 5 0
3.63856101036 0 5 0
3.65085697174 0 5 0
3.6631860733 0 5 0
3.67550611496 0 5 0
3.68784999847 0 5 0
3.70014405251 0 5 0
3.71242308617 0 5 0
3.72472214699 0 5 0
3.73702907562 0 5 0
3.74934911728 0 5 0
3.761687994 0 5 0
3.77404713631 0 5 0
3.78639006615 0 5 0
3.79880094528 0 5 0
3.81195211411 0 5 0
3.82542514801 0 5 0
3.83874607086 0 5 0
3.85224509239 0 5 0
3.86558294296 0 5 0
3.87902498245 0 5 0
3.89135694504 0 5 0
3.90372109413 0 5 0
3.91605615616 0 5 0
3.92838191986 0 5 0
3.94202399254 0 5 0
3.95521593094 0 5 0
3.96833515167 0 5 0
3.98188710213 0 5 0
3.99504709244 0 5 0
4.00847792625 0 5 0
4.02097606659 0 5 0
4.03332614899 0 5 0
4.04566502571 0 5 0
4.05799508095 0 5 0
4.07030415535 0 5 0
4.08265304565 0 5 0
4.0955851078 0 5 0
4.10831713676 0 5 0
4.12061810493 0 5 0
4.13293099403 0 5 0
4.14567804337 0 5 0
4.15906906128 0 5 0
4.1724550724 0 5 0
4.18578910828 0 5 0
4.19911408424 0 5 0
4.21222305298 0 5 0
4.22517895699 0 5 0
4.23815512657 0 5 0
4.25110411644 0 5 0
4.26409101486 0 5 0
4.27706098557 0 5 0
4.29002213478 0 5 0
4.30308198929 0 5 0
4.31619310379 0 5 0
4.32944393158 0 5 0
4.34268903732 0 5 0
4.35515093803 0 5 0
4.36848807335 0 5 0
4.3820040226 0 5 0
4.39515399933 0 5 0
4.40819406509 0 5 0
4.42129397392 0 5 0
4.43443393707 0 5 0
4.44736504555 0 5 0
4.46019601822 0 5 0
4.47304105759 0 5 0
4.48583102226 0 5 0
4.49869012833 0 5 0
4.51151514053 0 5 0
4.52439212799 0 5 0
4.5368039608 0 5 0
4.55008792877 0 5 0
4.56295108795 0 5 0
4.57547903061 0 5 0
4.58784294128 0 5 0
4.60036802292 0 5 0
4.61325407028 0 5 0
4.62620806694 0 5 0
4.63904094696 0 5 0
4.65206599236 0 5 0
4.66475701332 0 5 0
4.67768192291 0 5 0
4.69020104408 0 5 0
4.70280408859 0 5 0
4.71578812599 0 5 0
4.72830200195 0 5 0
4.74103999138 0 5 0
4.7539870739 0 5 0
4.76664304733 0 5 0
4.77957010269 0 5 0
4.7925760746 0 5 0
4.80561304092 0 5 0
4.81861996651 0 5 0
4.83167695999 0 5 0
4.84493899345 0 5 0
4.85800695419 0 5 0
4.87053608894 0 5 0
4.88330006599 0 5 0
4.89596700668 0 5 0
4.90896892548 0 5 0
4.92209005356 0 5 0
4.93497800827 0 5 0
4.94819307327 0 5 0
4.96089911461 0 5 0
4.97364497185 0 5 0
4.98659014702 0 5 0
4.99883413315 0 5 0
5.01162099838 0 5 0
5.02429699898 0 5 0
5.03690695763 0 5 0
5.04949498177 0 5 0
5.06248807907 0 5 0
5.07532405853 0 5 0
5.08807301521 0 5 0
5.10047912598 0 6 0
5.11235904694 0 7 0
5.12444806099 1 9 0
5.13635206223 0 10 0
5.14830613136 0 10 0
5.1603500843 0 10 0
5.17239904404 0 10 0
5.18448901176 0 10 0
5.19655013084 0 10 0
5.20864796638 0 10 0
5.22075414658 0 10 0
5.23298096657 0 10 0
5.245221138 0 10 0
5.25749897957 0 10 0
5.26970601082 0 11 0
5.28190493584 0 11 0
5.29426193237 0 11 0
5.30657410622 0 11 0
5.31886315346 0 11 0
5.33119106293 0 11 0
5.34345912933 0 11 0
5.35583114624 0 11 0
5.36821699142 0 11 0
5.38060307503 0 11 0
5.39301300049 0 11 0
5.4054069519 0 11 0
5.41781592369 0 11 0
5.43020510674 0 11 0
5.44252800941 0 11 0
5.45497608185 0 11 0
5.46727013588 0 11 0
5.47951602936 0 11 0
5.49177503586 0 11 0
5.50423192978 0 11 0
5.51668405533 0 11 0
5.52925896645 0 11 0
5.54192495346 0 11 0
5.55471515656 0 11 0
5.56714296341 0 11 0
5.57947707176 0 11 0
5.59180402756 0 11 0
5.60427904129 0 11 0
5.61618900299 0 11 0
5.62822699547 0 11 0
5.6403901577 0 11 0
5.65253210068 0 11 0
5.66473507881 0 11 0
5.67695808411 0 11 0
5.68918704987 0 11 0
5.70143795013 0 11 0
5.71368098259 0 11 0
5.72591996193 0 11 0
5.73826408386 0 11 0
5.75062608719 0 11 0
5.7629840374 0 11 0
5.77526593208 0 11 0
5.78758692741 0 11 0
5.79994606972 0 11 0
5.81226205826 0 11 0
5.82463908195 0 11 0
5.83715200424 0 11 0
5.84978604317 0 11 0
5.86225104332 0 11 0
5.87476015091 0 11 0
5.88716411591 0 11 0
5.89952611923 0 11 0
5.9120759964 0 11 0
5.92457795143 0 11 0
5.93711996078 0 11 0
5.94961500168 0 11 0
5.96218395233 0 11 0
5.97470998764 0 11 0
5.98694896698 0 11 0
5.99921107292 0 11 0
6.01160597801 0 11 0
6.0243370533 0 11 0
6.03691005707 0 11 0
6.04947209358 0 11 0
6.06181192398 0 11 0
6.07414793968 0 11 0
6.08642911911 0 11 0
6.09870195389 0 11 0
6.11086010933 0 11 0
6.12360811234 0 11 0
6.13597512245 0 11 0
6.14822411537 0 11 0
6.16054296494 0 11 0
6.17289113998 0 11 0
6.18521595001 0 11 0
6.19764494896 0 11 0
6.21012401581 0 11 0
6.22237801552 0 11 0
6.23458909988 0 11 0
6.24680995941 0 11 0
6.25958395004 0 11 0
6.27197599411 0 11 0
6.28401494026 0 11 0
6.29616904259 0 11 0
6.308355093 0 11 0
6.320551157 0 11 0
6.33272409439 0 11 0
6.34527492523 0 11 0
6.35728192329 0 11 0
6.36926603317 0 11 0
6.3812251091 0 11 0
6.39345097542 0 11 0
6.40550303459 0 11 0
6.41766405106 0 11 0
6.4299030304 0 11 0
6.44197297096 0 11 0
6.45403194427 0 11 0
6.46616601944 0 11 0
6.47865915298 0 11 0
6.4907181263 0 11 0
6.5028450489 0 11 0
6.51532697678 0 11 0
6.52771806717 0 11 0
6.54058504105 0 11 0
6.55311703682 0 11 0
6.56580901146 0 11 0
6.57808613777 0 11 0
6.59023594856 0 11 0
6.60244894028 0 11 0
6.61471414566 0 11 0
6.62690114975 0 11 0
6.63909506798 0 11 0
6.65131497383 0 11 0
6.66361498833 0 11 0
6.67633104324 0 11 0
6.68872213364 0 11 0
6.7012090683 0 11 0
6.7136759758 0 11 0
6.72595906258 0 11 0
6.73825502396 0 11 0
6.75049495697 0 11 0
6.76296401024 0 11 0
6.77535605431 0 11 0
6.78766202927 0 11 0
6.80010795593 0 11 0
6.81244707108 0 11 0
6.82479310036 0 11 0
6.83718204498 0 11 0
6.84931612015 0 11 0
6.86142492294 0 11 0
6.87343502045 0 11 0
6.88538694382 0 11 0
6.89732909203 0 11 0
6.90928006172 0 11 0
6.92120194435 0 11 0
6.93314313889 0 11 0
6.94507813454 0 11 0
6.95700597763 0 11 0
6.96892809868 0 11 0
6.98087215424 0 11 0
6.99279499054 0 11 0
7.00473093987 0 11 0
7.01666402817 0 11 0
7.02860307693 0 11 0
7.04053997993 0 11 0
7.05246496201 0 11 0
7.06439208984 0 11 0
7.0763220787 0 11 0
7.08824801445 0 11 0
7.10020112991 0 11 0
7.11216497421 0 11 0
7.124158144 0 11 0
7.13615608215 0 11 0
7.14815092087 0 11 0
7.16012310982 0 11 0
7.17211008072 0 11 0
7.18408203125 0 11 0
7.19604301453 0 11 0
7.20796895027 0 11 0
7.21986913681 0 11 0
7.23177814484 0 11 0
7.24375009537 0 11 0
7.25575208664 0 11 0
7.26774811745 0 11 0
7.27976202965 0 11 0
7.29175400734 0 11 0
7.30367493629 0 11 0
7.31595206261 0 11 0
7.32808995247 0 11 0
7.34014797211 0 11 0
7.3521001339 0 11 0
7.36401796341 0 11 0
7.37594795227 0 11 0
7.38787293434 0 11 0
7.39979910851 0 11 0
7.41166710854 0 11 0
7.42358398438 0 11 0
7.43558096886 0 11 0
7.44757604599 0 11 0
7.45958805084 0 11 0
7.47156906128 0 11 0
7.48358201981 0 11 0
7.49548912048 0 11 0
7.50750398636 0 11 0
7.51949501038 0 11 0
7.53151297569 0 11 0
7.5434820652 0 11 0
7.5554690361 0 11 0
7.56740403175 0 11 0
7.5793941021 0 11 0
7.59136509895 0 11 0
7.60335707664 0 11 0
7.61530208588 0 11 0
7.62727403641 0 11 0
7.6392250061 0 11 0
7.65123105049 0 11 0
7.66321706772 0 11 0
7.67586398125 0 11 0
7.68795394897 0 11 0
7.70016908646 0 11 0
7.71260714531 0 11 0
7.72466111183 0 11 0
7.73664498329 0 11 0
7.74860811234 0 11 0
7.76047110558 0 11 0
7.7724480629 0 11 0
7.78460001945 0 11 0
7.79676008224 0 11 0
7.8087580204 0 11 0
7.82113909721 0 11 0
7.83305501938 0 11 0
7.84510803223 0 11 0
7.85765814781 0 11 0
7.86951613426 0 11 0
7.88149905205 0 11 0
7.89347600937 0 11 0
7.90618896484 0 11 0
7.91852593422 0 11 0
7.93138408661 0 11 0
7.94384598732 0 11 0
7.95613002777 0 11 0
7.9684381485 0 11 0
7.98073792458 0 11 0
7.99324703217 0 11 0
8.00561904907 0 11 0
8.01820898056 0 11 0
8.03065800667 0 11 0
8.043197155 0 11 0
8.0563621521 0 11 0
8.0688560009 0 11 0
8.08145594597 0 11 0
8.09398603439 0 11 0
8.10636806488 0 11 0
8.11871504784 0 11 0
8.13105607033 0 11 0
8.14347195625 0 11 0
8.15587210655 0 11 0
8.1682600975 0 11 0
8.1804420948 0 11 0
8.19284510612 0 11 0
8.20521092415 0 11 0
8.21796393394 0 11 0
8.23029303551 0 11 0
8.2424249649 0 11 0
8.25522899628 0 11 0
8.26785802841 0 11 0
8.28021502495 0 11 0
8.2926530838 0 11 0
8.3048350811 0 11 0
8.31697893143 0 11 0
8.32918214798 0 11 0
8.34136414528 0 11 0
8.35343408585 0 11 0
8.36541199684 0 11 0
8.37740802765 0 11 0
8.38935899734 0 11 0
8.40127110481 0 11 0
8.41352701187 0 11 0
8.42563796043 0 11 0
8.43764400482 0 11 0
8.44975996017 0 11 0
8.46168899536 0 11 0
8.47366404533 0 11 0
8.48574709892 0 11 0
8.49778413773 0 11 0
8.51026701927 0 11 0
8.52246809006 0 11 0
8.53500008583 0 11 0
8.54728507996 0 11 0
8.55947804451 0 11 0
8.57164597511 0 11 0
8.58436799049 0 11 0
8.59692811966 0 11 0
8.60907506943 0 11 0
8.62148308754 0 11 0
8.63397693634 0 11 0
8.64657092094 0 11 0
8.65890598297 0 11 0
8.67160892487 0 11 0
8.68378305435 0 11 0
8.69627594948 0 11 0
8.70858097076 0 11 0
8.72078609467 0 11 0
8.7328851223 0 11 0
8.745043993 0 11 0
8.7572491169 0 11 0
8.76942300797 0 11 0
8.78164792061 0 11 0
8.79384207726 0 11 0
8.80596613884 0 11 0
8.81800198555 0 11 0
8.83029294014 0 11 0
8.84247803688 0 11 0
8.85467505455 0 11 0
8.86678004265 0 11 0
8.87903308868 0 11 0
8.89140796661 0 11 0
8.90359592438 0 11 0
8.91572499275 0 11 0
8.92791295052 0 11 0
8.94005393982 0 11 0
8.95227694511 0 11 0
8.96440410614 0 11 0
8.97644305229 0 11 0
8.98857092857 0 11 0
9.00148892403 0 11 0
9.01369905472 0 11 0
9.02598500252 0 11 0
9.03806805611 0 11 0
9.05075097084 0 11 0
9.06289696693 0 11 0
9.07520604134 0 11 0
9.08734893799 0 11 0
9.09941601753 0 11 0
9.11154103279 0 11 0
9.12376308441 0 11 0
9.13589906693 0 11 0
9.14801096916 0 11 0
9.16006994247 0 11 0
9.17436909676 0 11 0
9.18781709671 0 11 0
9.20080304146 0 11 0
9.21374201775 0 11 0
9.22608304024 0 11 0
9.23808312416 0 11 0
9.25032901764 0 11 0
9.26233410835 0 11 0
9.27434897423 0 12 0
9.28655910492 0 12 0
9.29868412018 0 12 0
9.31145310402 0 12 0
9.32444000244 0 12 0
9.33717894554 0 12 0
9.34965205193 0 12 0
9.36191797256 0 12 0
9.37441396713 0 12 0
9.38819694519 0 12 0
9.40035295486 0 12 0
9.41238498688 0 12 0
9.42490792274 0 12 0
9.43756699562 0 12 0
9.44983696938 0 12 0
9.46248698235 0 12 0
9.47548007965 0 12 0
9.48877692223 0 12 0
9.50159502029 0 12 0
9.51369595528 0 12 0
9.52694201469 0 12 0
9.5399119854 0 12 0
9.55266213417 0 12 0
9.5649960041 0 12 0
9.57933497429 0 12 0
9.59236001968 0 12 0
9.60553407669 0 12 0
9.61840605736 0 12 0
9.63125705719 0 12 0
9.64447402954 0 12 0
9.65720295906 0 12 0
9.67037296295 0 12 0
9.68326401711 0 12 0
9.69631910324 0 12 0
9.70940613747 0 12 0
9.72171092033 0 12 0
9.734416008 0 12 0
9.74671506882 0 12 0
9.75903606415 0 12 0
9.77240514755 0 12 0
9.78486514091 0 12 0
9.7970290184 0 12 0
9.80929303169 0 12 0
9.82135510445 0 12 0
9.83349704742 0 12 0
9.84556913376 0 12 0
9.85770702362 0 12 0
9.86990714073 0 12 0
9.88207793236 0 12 0
9.89452600479 0 12 0
9.90701699257 0 12 0
9.92026400566 0 12 0
9.93343615532 0 12 0
9.94600296021 0 12 0
9.95848703384 0 12 0
9.97080397606 0 12 0
9.98360705376 0 12 0
9.99610900879 0 12 0
10.0085530281 0 12 0
10.0218510628 0 12 0
10.035738945 0 12 0
10.0491719246 0 12 0
10.0632839203 0 12 0
10.0769619942 0 12 0
10.0903351307 0 12 0
10.1037330627 0 12 0
10.1171679497 0 12 0
10.1300160885 0 13 0
10.1430139542 0 13 0
10.1566829681 0 13 0
10.170194149 0 13 0
10.1832399368 0 13 0
10.1969981194 0 13 0
10.210132122 0 13 0
10.2239151001 0 13 0
10.2370660305 0 13 0
10.2517669201 0 13 0
10.2654259205 0 13 0
10.2792551517 0 13 0
10.2928950787 0 13 0
10.3064169884 0 13 0
10.3202600479 0 13 0
10.3342261314 0 13 0
10.3479750156 0 13 0
10.3616559505 0 13 0
10.3753490448 0 13 0
10.3891260624 0 13 0
10.403439045 0 13 0
10.4169440269 0 13 0
10.4296300411 0 13 0
10.4436919689 0 13 0
10.4589869976 0 13 0
10.4729969501 0 13 0
10.4865970612 0 13 0
10.5003480911 0 13 0
10.5136270523 0 13 0
10.5271689892 0 13 0
10.5406210423 0 13 0
10.5542731285 0 13 0
10.5688741207 0 13 0
10.5823700428 0 13 0
10.5963020325 0 13 0
10.6101231575 0 13 0
10.6236979961 0 13 0
10.6368041039 0 13 0
10.6496911049 0 13 0
10.6625909805 0 13 0
10.6758000851 0 13 0
10.6893970966 0 13 0
10.7034730911 0 13 0
10.7170319557 0 13 0
10.7303249836 0 13 0
10.7436499596 0 13 0
10.75740695 0 13 0
10.7712910175 0 13 0
10.7849371433 0 13 0
10.7983140945 0 13 0
10.8118870258 0 13 0
10.8265011311 0 13 0
10.8402421474 0 13 0
10.853798151 0 13 0
10.8673939705 0 13 0
10.8810310364 0 13 0
10.894452095 0 13 0
10.9081950188 0 13 0
10.9230470657 0 13 0
10.9368340969 0 13 0
10.9506089687 0 13 0
10.9644970894 0 13 0
10.9780490398 0 13 0
10.9918460846 0 13 0
11.0053441525 0 13 0
11.0193860531 0 13 0
11.0331029892 0 13 0
11.046569109 0 13 0
11.0598640442 0 13 0
11.0729911327 0 13 0
11.0872719288 0 13 0
11.1009259224 0 13 0
11.1153659821 0 13 0
11.129611969 0 13 0
11.1433019638 0 13 0
11.1579480171 0 13 0
11.1720161438 0 13 0
11.1856770515 0 13 0
11.1996250153 0 13 0
11.2136631012 0 13 0
11.2269489765 0 13 0
11.2410349846 0 13 0
11.2551050186 0 13 0
11.2691450119 0 13 0
11.2832729816 0 13 0
11.297055006 0 13 0
11.3107681274 0 13 0
11.3244490623 0 13 0
11.3381431103 0 13 0
11.3519251347 0 13 0
11.3657479286 0 13 0
11.3794779778 0 13 0
11.3931479454 0 13 0
11.4069149494 0 13 0
11.4205019474 0 13 0
11.4338290691 0 13 0
11.4471120834 0 13 0
11.4608080387 0 13 0
11.4747300148 0 13 0
11.4890999794 0 13 0
11.5034999847 0 13 0
11.5178411007 0 13 0
11.5322480202 0 13 0
11.5462291241 0 13 0
11.5599861145 0 13 0
11.5740730762 0 13 0
11.5881149769 0 13 0
11.6019799709 0 13 0
11.6157040596 0 13 0
11.6296050549 0 13 0
11.6432409286 0 13 0
11.657020092 0 13 0
11.6708321571 0 13 0
11.6843321323 0 13 0
11.6976809502 0 13 0
11.7111389637 0 13 0
11.724640131 0 13 0
11.7380299568 0 13 0
11.751349926 0 13 0
11.7646560669 0 13 0
11.7777600288 0 13 0
11.7908451557 0 13 0
11.8039419651 0 13 0
11.816740036 0 13 0
11.8293631077 0 13 0
11.842400074 0 13 0
11.8554079533 0 13 0
11.8685121536 0 13 0
11.8814771175 0 13 0
11.8945300579 0 13 0
11.9074139595 0 13 0
11.9203140736 0 13 0
11.9334261417 0 13 0
11.9465310574 0 13 0
11.959553957 0 13 0
11.972397089 0 13 0
11.9851920605 0 13 0
11.9980261326 0 13 0
12.0108399391 0 13 0
12.0235011578 0 13 0
12.0361571312 0 13 0
12.0486710072 0 13 0
12.0613410473 0 13 0
12.0742819309 0 13 0
12.0873179436 0 13 0
12.1002089977 0 13 0
12.1130120754 0 13 0
12.1260449886 0 13 0
12.1390709877 0 13 0
12.1521220207 0 13 0
12.1652951241 0 13 0
12.1783559322 0 13 0
12.1915559769 0 13 0
12.2047169209 0 13 0
12.2177021503 0 13 0
12.2308371067 0 13 0
12.2439689636 0 13 0
12.2579860687 0 13 0
12.2712340355 0 13 0
12.2845239639 0 13 0
12.2981190681 0 13 0
12.3109009266 0 13 0
12.3242001534 0 13 0
12.3373661041 0 13 0
12.350744009 0 13 0
12.3638629913 0 13 0
12.3769099712 0 13 0
12.390360117 0 13 0
12.4033010006 0 13 0
12.4176020622 0 13 0
12.431910038 0 13 0
12.4452240467 0 13 0
12.4580280781 0 13 0
12.4706859589 0 13 0
12.4837059975 0 13 0
12.4970450401 0 13 0
12.5100059509 0 13 0
12.5228309631 0 13 0
12.5355689526 0 13 0
12.5488901138 0 13 0
12.5621399879 0 13 0
12.5755109787 0 13 0
12.588654995 0 13 0
12.6018140316 0 13 0
12.6149320602 0 13 0
12.6282939911 0 13 0
12.641685009 0 13 0
12.6549201012 0 13 0
12.6679930687 0 13 0
12.6813621521 0 13 0
12.6945641041 0 13 0
12.7075200081 0 13 0
12.7199840546 0 13 0
12.7323081493 0 13 0
12.744617939 0 13 0
12.7569749355 0 13 0
12.7693481445 0 13 0
12.7816979885 0 13 0
12.7946810722 0 13 0
12.8076529503 0 13 0
12.8206140995 0 13 0
12.8335680962 0 13 0
12.8466470242 0 13 0
12.859691143 0 13 0
12.8725121021 0 13 0
12.8855190277 0 13 0
12.8985431194 0 13 0
12.9115829468 0 13 0
12.9246499538 0 13 0
12.9373390675 0 13 0
12.9501519203 0 13 0
12.9636769295 0 13 0
12.9767529964 0 13 0
12.9895141125 0 13 0
13.0024130344 0 13 0
13.0149419308 0 13 0
13.0274500847 0 13 0
13.0413889885 0 13 0
13.0546939373 0 13 0
13.0676600933 0 13 0
13.0804989338 0 13 0
13.0931601524 0 13 0
13.1060841084 0 13 0
13.1189489365 0 13 0
13.1321971416 0 13 0
13.1451411247 0 13 0
13.1580431461 0 13 0
13.1707639694 0 13 0
13.1836590767 0 13 0
13.1971549988 0 13 0
13.2102429867 0 13 0
13.2235660553 0 13 0
13.2366731167 0 13 0
13.2501001358 0 13 0
13.2633471489 0 13 0
13.2767269611 0 13 0
13.2905480862 0 13 0
13.3042781353 0 13 0
13.3179049492 0 13 0
13.331594944 0 13 0
13.3452260494 0 13 0
13.3586850166 0 13 0
13.3716759682 0 13 0
13.3843500614 0 13 0
13.3967559338 0 13 0
13.4100699425 0 13 0
13.422948122 0 13 0
13.4357280731 0 13 0
13.4486670494 0 13 0
13.4616339207 0 13 0
13.4745061398 0 13 0
13.4874651432 0 13 0
13.5004200935 0 13 0
13.5133309364 0 13 0
13.526184082 0 13 0
13.5390930176 0 13 0
13.5518219471 0 13 0
13.5641889572 0 13 0
13.5765390396 0 13 0
13.5888180733 0 13 0
13.6014690399 0 13 0
13.6141610146 0 13 0
13.6265001297 0 13 0
13.6385190487 0 13 0
13.6504700184 0 13 0
13.662514925 0 13 0
13.6745481491 0 13 0
13.6875901222 0 13 0
13.6996879578 0 13 0
13.7117819786 0 13 0
13.7247231007 0 13 0
13.737003088 0 13 0
13.7499899864 0 13 0
13.7642941475 0 13 0
13.7775480747 0 13 0
13.7899270058 0 13 0
13.8035969734 0 13 0
13.8171679974 0 13 0
13.8308019638 0 13 0
13.8444969654 0 13 0
13.8579630852 0 13 0
13.8719480038 0 13 0
13.8853981495 0 13 0
13.8988990784 0 13 0
13.912127018 0 13 0
13.9255959988 0 13 0
13.9387869835 0 13 0
13.9517140388 0 13 0
13.9651129246 0 13 0
13.9784431458 0 13 0
13.9919681549 0 13 0
14.0049080849 0 13 0
14.0177891254 0 13 0
14.030780077 0 13 0
14.0435860157 0 13 0
14.0564279556 0 13 0
14.0691521168 0 13 0
14.0832850933 0 13 0
14.0969979763 0 13 0
14.1106920242 0 13 0
14.1243669987 0 13 0
14.1375160217 0 13 0
14.1503090858 0 13 0
14.1629309654 0 13 0
14.1755011082 0 13 0
14.1881279945 0 13 0
14.2010610104 0 13 0
14.215323925 0 13 0
14.2284030914 0 13 0
14.241920948 0 13 0
14.2553191185 0 13 0
14.2692680359 0 13 0
14.2827320099 0 13 0
14.2961809635 0 13 0
14.3095059395 0 13 0
14.3229570389 0 13 0
14.3360481262 0 13 0
14.3493869305 0 13 0
14.362653017 0 13 0
14.376044035 0 13 0
14.3889751434 0 13 0
14.4017901421 0 13 0
14.4148659706 0 13 0
14.4285230637 0 13 0
14.4421470165 0 13 0
14.45531106 0 13 0
14.4680900574 0 13 0
14.4808831215 0 13 0
14.493596077 0 13 0
14.5067229271 0 13 0
14.5197660923 0 13 0
14.5325939655 0 13 0
14.546667099 0 13 0
14.5594940186 0 13 0
14.5725269318 0 13 0
14.5853099823 0 13 0
14.5980169773 0 13 0
14.6105029583 0 13 0
14.6233711243 0 13 0
14.6358780861 0 13 0
14.6496720314 0 13 0
14.6626670361 0 13 0
14.6756110191 0 13 0
14.6885910034 0 13 0
14.7013449669 0 13 0
14.7139890194 0 13 0
14.7268149853 0 13 0
14.7395880222 0 13 0
14.7519900799 0 13 0
14.7649829388 0 13 0
14.777780056 0 13 0
14.7905180454 0 13 0
14.8032391071 0 13 0
14.8159971237 0 13 0
14.8286280632 0 13 0
14.8410670757 0 13 0
14.8540520668 0 13 0
14.8665800095 0 13 0
14.8792750835 0 13 0
14.8923561573 0 13 0
14.9060969353 0 13 0
14.9188220501 0 13 0
14.931566 0 13 0
14.9451639652 0 13 0
14.957695961 0 13 0
14.9700911045 0 13 0
14.9822690487 0 13 0
14.9948461056 0 13 0
15.007871151 0 13 0
15.0205299854 0 13 0
15.0336871147 0 13 0
15.046916008 0 13 0
15.0599520206 0 13 0
15.0724339485 0 13 0
15.0848591328 0 13 0
15.0972919464 0 13 0
15.109732151 0 13 0
15.1228129864 0 14 0
15.1354169846 0 14 0
15.1482889652 0 14 0
15.1611580849 0 14 0
15.1747970581 0 14 0
15.1874289513 0 14 0
15.2004301548 0 14 0
15.2134511471 0 14 0
15.2258560658 0 14 0
15.2386720181 0 14 0
15.251431942 0 14 0
15.2641861439 0 14 0
15.2770969868 0 14 0
15.2899250984 0 14 0
15.3026230335 0 14 0
15.315267086 0 14 0
15.3283851147 0 14 0
15.3410069942 0 14 0
15.3536629677 0 14 0
15.3661990166 0 14 0
15.3787579536 0 14 0
15.3918609619 0 14 0
15.4049949646 0 14 0
15.4181220531 0 14 0
15.4312679768 0 14 0
15.4444999695 0 14 0
15.4577281475 0 14 0
15.4709069729 0 14 0
15.48396492 0 14 0
15.4970710278 0 14 0
15.5098080635 0 14 0
15.5225930214 0 14 0
15.5362360477 0 14 0
15.5488989353 0 14 0
15.5614581108 0 14 0
15.5745301247 0 14 0
15.5879559517 0 14 0
15.6012251377 0 14 0
15.6144721508 0 14 0
15.6277010441 0 14 0
15.6406991482 0 14 0
15.6536319256 0 14 0
15.6669039726 0 14 0
15.6799449921 0 14 0
15.6931531429 0 14 0
15.7064709663 0 14 0
15.7204949856 0 14 0
15.7331309319 0 14 0
15.7454750538 0 14 0
15.7585179806 0 14 0
15.7705581188 0 14 0
15.7841041088 0 14 0
15.7966389656 0 14 0
15.8091681004 0 14 0
15.8217821121 0 14 0
15.8342440128 0 14 0
15.8467941284 0 14 0
15.8594119549 0 14 0
15.872013092 0 14 0
15.8845181465 0 14 0
15.8970451355 0 14 0
15.9095261097 0 14 0
15.9220731258 0 14 0
15.9345920086 0 14 0
15.9465410709 0 14 0
15.9585149288 0 14 0
15.9704999924 0 14 0
15.9825229645 0 14 0
15.9945521355 0 14 0
16.0065231323 0 14 0
16.0194139481 0 14 0
16.0329051018 0 14 0
16.0466899872 0 14 0
16.059014082 0 14 0
16.071267128 0 14 0
