0.00282192230225 0 0
0.0151059627533 0 0
0.0271759033203 0 0
0.0392248630524 0 0
0.0513038635254 0 0
0.0633149147034 0 0
0.0753660202026 0 0
0.0877330303192 0 0
0.100052833557 0 0
0.112534999847 0 0
0.12611579895 0 0
0.138586997986 0 0
0.150810003281 0 0
0.163406848907 0 0
0.175942897797 0 0
0.188305854797 0 0
0.200623989105 0 0
0.212952852249 0 0
0.225237846375 0 0
0.237595796585 0 0
0.249998807907 0 0
0.26223897934 0 0
0.274715900421 0 0
0.28755402565 0 0
0.30008482933 0 0
0.312608957291 0 0
0.325289011002 0 0
0.339140892029 0 0
0.352504968643 0 0
0.365862846375 0 0
0.379122972488 0 0
0.392735958099 1 0
0.405565977097 1 0
0.418131828308 1 0
0.430595874786 1 0
0.443509817123 1 0
0.45613193512 1 0
0.469455003738 1 0
0.482527971268 1 0
0.4958589077 1 0
0.508842945099 1 0
0.521991014481 1 0
0.535012960434 1 0
0.548267841339 1 0
0.561105012894 1 0
0.5738530159 1 0
0.586697816849 1 0
0.599541902542 1 0
0.612342834473 1 0
0.625092983246 1 0
0.637617826462 1 0
0.650167942047 1 0
0.662760019302 1 0
0.675369024277 1 0
0.687920808792 1 0
0.700510978699 1 0
0.712919950485 1 0
0.725157022476 1 0
0.737139940262 1 0
0.749095916748 1 0
0.761117935181 1 0
0.773316860199 1 0
0.785265922546 1 0
0.797367811203 1 0
0.809474945068 1 0
0.821484804153 1 0
0.833456993103 1 0
0.845537900925 1 0
0.857532978058 1 0
0.869552850723 1 0
0.881551027298 1 0
0.893620967865 1 0
0.905676841736 1 0
0.917536020279 1 0
0.929579019547 1 0
0.941619873047 1 0
0.953617811203 1 0
0.965620994568 1 0
0.977602958679 1 0
0.989552021027 1 0
1.00151181221 1 0
1.01354193687 1 0
1.02557897568 1 0
1.03834199905 1 0
1.0514190197 1 0
1.06381297112 1 0
1.07638692856 1 0
1.08927202225 1 0
1.10180902481 1 0
1.11549496651 1 0
1.12785482407 1 0
1.14010596275 1 0
1.15287899971 1 0
1.16597390175 1 0
1.17905092239 1 0
1.19199991226 1 0
1.20505285263 1 0
1.21818590164 1 0
1.23129296303 1 0
1.24415183067 1 0
1.25720191002 1 0
1.27014780045 1 0
1.28307700157 1 0
1.29530882835 1 0
1.30863499641 1 0
1.32081389427 1 0
1.33398199081 1 0
1.34689283371 1 0
1.3597009182 1 0
1.37268590927 1 0
1.38560581207 1 0
1.39867281914 3 0
1.41156291962 3 0
1.42464995384 3 0
1.43765497208 3 0
1.45051884651 3 0
1.46345496178 3 0
1.47608590126 3 0
1.48955798149 3 0
1.5025229454 3 0
1.51616096497 3 0
1.52924180031 3 0
1.5416560173 3 0
1.55471897125 3 0
1.56738400459 3 0
1.57966089249 3 0
1.59280490875 3 0
1.60569000244 3 0
1.6187620163 3 0
1.6310479641 3 0
1.6430208683 3 0
1.65490484238 3 0
1.66681480408 3 0
1.67868089676 3 0
1.69127893448 4 0
1.70379781723 4 0
1.7162528038 4 0
1.72865200043 4 0
1.7406578064 4 0
1.75266981125 4 0
1.76526093483 4 0
1.7772808075 4 0
1.79037094116 4 0
1.80318593979 4 0
1.81603002548 4 0
1.82809782028 4 0
1.84149289131 4 0
1.85545396805 4 0
1.86834597588 4 0
1.88187289238 4 0
1.8948199749 4 0
1.9070289135 4 0
1.92047286034 4 0
1.93394184113 4 0
1.94742584229 4 0
1.96092891693 4 0
1.97429299355 4 0
1.98743581772 4 0
2.00071191788 4 0
2.01381397247 4 0
2.02687883377 4 0
2.03983187675 4 0
2.05318689346 4 0
2.06621098518 4 0
2.07922482491 4 0
2.09220385551 4 0
2.10520792007 4 0
2.11870098114 4 0
2.13204598427 4 0
2.14553785324 4 0
2.15900087357 4 0
2.17243695259 4 0
2.18573284149 4 0
2.19907784462 4 0
2.2125658989 4 0
2.22552394867 4 0
2.23904299736 4 0
2.25247597694 4 0
2.26582288742 4 0
2.27912187576 4 0
2.29268598557 4 0
2.30596590042 4 0
2.31957697868 4 0
2.33327889442 4 0
2.34686493874 4 0
2.36084079742 4 0
2.37461495399 4 0
2.38815188408 4 0
2.40159487724 4 0
2.41514396667 4 0
2.42841696739 4 0
2.44145298004 4 0
2.45444989204 4 0
2.46814680099 4 0
2.4813079834 4 0
2.49479699135 4 0
2.50772690773 4 0
2.51996994019 4 0
2.53206086159 4 0
2.54517292976 4 0
2.55879402161 4 0
2.57124996185 4 0
2.58374595642 4 0
2.59643101692 4 0
2.60963988304 4 0
2.62281084061 4 0
2.63642191887 4 0
2.64897990227 4 0
2.66094303131 4 0
2.67313885689 4 0
2.68501496315 4 0
2.69685196877 4 0
2.70870399475 4 0
2.72053980827 4 0
2.73239088058 4 0
2.74426293373 4 0
2.75613093376 4 0
2.7680618763 4 0
2.7814438343 4 0
2.79534983635 4 0
2.80915093422 4 0
2.82265496254 4 0
2.83495998383 4 0
2.84723186493 4 0
2.85952997208 4 0
2.87184596062 4 0
2.88417482376 4 0
2.8965280056 4 0
2.90941095352 4 0
2.92231702805 4 0
2.9350259304 4 0
2.94734597206 4 0
2.95946383476 4 0
2.97177886963 4 0
2.98493695259 4 0
2.99791193008 4 0
3.01081085205 4 0
3.02328085899 4 0
3.03557181358 4 0
3.04784083366 4 0
3.06031394005 4 0
3.07302594185 4 0
3.08548879623 4 0
3.0979218483 4 0
3.11035990715 4 0
3.12271690369 4 0
3.13646697998 4 0
3.14932990074 4 0
3.16326880455 4 0
3.17689681053 4 0
3.19035100937 4 0
3.20468592644 4 0
3.2187268734 4 0
3.232640028 4 0
3.24674892426 4 0
3.26073980331 4 0
3.27460098267 4 0
3.28826999664 4 0
3.30183386803 4 0
3.31539702415 4 0
3.32939386368 4 0
3.34307980537 4 0
3.35666298866 4 0
3.37029385567 4 0
3.38394880295 4 0
3.39779186249 4 0
3.41117596626 4 0
3.42450284958 4 0
3.43779993057 4 0
3.45110583305 4 0
3.46447300911 4 0
3.47769498825 4 0
3.49079179764 4 0
3.50413799286 4 0
3.51725101471 4 0
3.53036093712 4 0
3.54350280762 4 0
3.55638098717 4 0
3.56909298897 4 0
3.58249592781 4 0
3.59566187859 4 0
3.60862493515 4 0
3.62164497375 4 0
3.634100914 4 0
3.64609694481 4 0
3.65804290771 4 0
3.67000579834 4 0
3.68198180199 4 0
3.69391894341 4 0
3.70585393906 4 0
3.71779680252 4 0
3.72973489761 4 0
3.74224686623 4 0
3.75489997864 4 0
3.76786088943 4 0
3.78078389168 4 0
3.79344797134 4 0
3.80585289001 4 0
3.81870388985 4 0
3.83139586449 4 0
3.84390187263 4 0
3.85638689995 4 0
3.86874294281 4 0
3.88101601601 4 0
3.8929669857 4 0
3.90489387512 4 0
3.91683983803 4 0
3.92879295349 4 0
3.94118881226 4 0
3.9534599781 4 0
3.96689391136 4 0
3.97936797142 4 0
3.99175691605 4 0
4.00415897369 4 0
4.01671695709 4 0
4.02869296074 4 0
4.04063487053 4 0
4.05256700516 4 0
4.06449580193 4 0
4.07640790939 4 0
4.08833289146 4 0
4.10115885735 4 0
4.11390995979 4 0
4.12586784363 4 0
4.13779592514 4 0
4.14975786209 4 0
4.16310381889 4 0
4.17698097229 4 0
4.19081282616 4 0
4.20428586006 4 0
4.21773791313 4 0
4.23102283478 4 0
4.24414896965 4 0
4.25723600388 4 0
4.27021598816 4 0
4.28332996368 4 0
4.29640603065 4 0
4.30954885483 4 0
4.32270693779 4 0
4.33522987366 4 0
4.34849286079 4 0
4.36129784584 4 0
4.37468194962 4 0
4.38796281815 4 0
4.40112900734 4 0
4.41423797607 4 0
4.42746281624 4 0
4.44067788124 4 0
4.45386981964 4 0
4.4668469429 4 0
4.47978687286 4 0
4.49261403084 4 0
4.5055680275 4 0
4.51837182045 4 0
4.53140592575 4 0
4.54417896271 4 0
4.55720591545 4 0
4.570073843 4 0
4.58288788795 4 0
4.59564089775 4 0
4.60842180252 4 0
4.6212079525 4 0
4.63404583931 4 0
4.64677000046 4 0
4.65947389603 4 0
4.67205286026 4 0
4.68455290794 4 0
4.69714999199 4 0
4.70983099937 4 0
4.72267985344 4 0
4.73535490036 4 0
4.74790596962 4 0
4.76055788994 4 0
4.77347183228 4 0
4.78631091118 4 0
4.7991669178 4 0
4.81192183495 4 0
4.82465195656 4 0
4.83773493767 4 0
4.85074400902 4 0
4.86335396767 4 0
4.87580895424 4 0
4.88839101791 4 0
4.90139389038 4 0
4.91431283951 4 0
4.92736101151 4 0
4.94023489952 4 0
4.95313692093 4 0
4.96596598625 4 0
4.97871184349 4 0
4.9909529686 4 0
5.00377893448 4 0
5.01658296585 4 0
5.02933597565 4 0
5.04197192192 4 0
5.05455183983 4 0
5.06735086441 4 0
5.07984280586 4 0
5.09213900566 5 0
5.1041238308 7 0
5.11641287804 7 0
5.12832999229 8 0
5.1403169632 8 0
5.15229082108 8 0
5.1643679142 8 2
5.17639303207 8 2
5.18845391273 8 3
5.20072102547 8 3
5.21284890175 8 3
5.22496581078 8 4
5.23712396622 8 4
5.24936580658 8 4
5.26163196564 8 6
5.27377891541 8 6
5.28664684296 8 6
5.2991528511 8 6
5.31143283844 8 6
5.32377290726 8 6
5.33630490303 8 6
5.34900188446 8 7
5.3616809845 8 9
5.37417888641 8 9
5.38674283028 8 9
5.39919495583 8 10
5.41157484055 8 10
5.42392301559 8 10
5.43631291389 8 10
5.4486989975 8 10
5.46098279953 8 12
5.47327685356 8 12
5.48556780815 8 12
5.49808192253 8 12
5.51093292236 8 12
5.52351784706 8 12
5.53612685204 8 12
5.54882383347 8 12
5.56132793427 8 14
5.57387590408 8 14
5.58628892899 8 14
5.59870100021 8 14
5.61063480377 8 14
5.62270092964 8 14
5.63502788544 8 14
5.64739394188 8 14
5.65957689285 8 16
5.6717569828 8 16
5.68395090103 8 16
5.6961619854 8 16
5.7084069252 8 16
5.72063589096 8 16
5.73284101486 8 16
5.74511480331 8 16
5.75735402107 8 16
5.76960897446 8 18
5.78207492828 8 18
5.79449081421 8 18
5.8067920208 8 18
5.81922888756 8 18
5.83153581619 8 18
5.84396982193 8 18
5.85631799698 8 18
5.8686850071 9 19
5.88100194931 9 19
5.89335489273 9 19
5.90570902824 9 19
5.91827583313 9 19
5.93076992035 9 19
5.94328784943 9 19
5.95547199249 9 19
5.96768593788 11 19
5.97984194756 11 19
5.99210381508 11 19
6.00463080406 11 19
6.01672101021 11 19
6.02889800072 11 19
6.04108095169 11 19
6.05430984497 11 19
6.06676888466 13 19
6.07918000221 13 19
6.09163594246 13 19
6.10397291183 13 19
6.11624383926 13 19
6.1288819313 13 19
6.14121484756 13 19
6.15357899666 13 19
6.16592383385 15 19
6.17828989029 15 19
6.19069695473 15 19
6.20309281349 15 19
6.21529793739 15 19
6.22746181488 15 19
6.23965191841 15 19
6.25178599358 15 19
6.26393485069 17 19
6.27592802048 17 19
6.28807783127 17 19
6.30023503304 17 19
6.31232380867 17 19
6.32448482513 17 19
6.33726382256 17 19
6.34924888611 17 19
6.36120486259 17 19
6.37320184708 19 19
6.38528394699 19 19
6.39729595184 19 19
6.40933680534 19 19
6.42137980461 19 19
6.43341898918 19 19
6.44546699524 19 19
6.4575548172 19 19
6.4695827961 21 19
6.48164391518 21 19
6.49367785454 21 19
6.50575399399 21 19
6.51822686195 21 19
6.53065681458 21 19
6.5430188179 21 19
6.55545687675 21 19
6.56761002541 23 19
6.57974481583 23 19
6.59200286865 23 19
6.60433292389 23 19
6.61661100388 23 19
6.62878298759 23 19
6.64094781876 23 19
6.65312290192 23 19
6.66573500633 25 19
6.6781039238 25 19
6.69041490555 25 19
6.70285201073 25 19
6.71506881714 25 19
6.72724485397 25 19
6.73951292038 25 19
6.75172996521 25 19
6.76409101486 27 19
6.77621603012 27 19
6.78846383095 27 19
6.80085086823 27 19
6.81331896782 27 19
6.82582092285 27 19
6.8381729126 27 19
6.85019397736 27 19
6.86220979691 27 19
6.87416887283 29 19
6.8860578537 29 19
6.89793801308 29 19
6.90980601311 29 19
6.92165899277 29 19
6.93353295326 29 19
6.94538903236 29 19
6.95725488663 29 19
6.96911096573 31 19
6.98097991943 31 19
6.99283194542 31 19
7.00478291512 31 19
7.01663398743 31 19
7.02850699425 31 19
7.04036784172 31 19
7.05224490166 31 19
7.06415295601 31 19
7.07601380348 33 19
7.08791184425 33 19
7.099807024 33 19
7.11169600487 33 19
7.12367796898 33 19
7.1355638504 33 19
7.14743590355 33 19
7.15932798386 33 19
7.17125797272 35 19
7.18316197395 35 19
7.19507980347 35 19
7.20695996284 35 19
7.21882486343 35 19
7.2307009697 35 19
7.24263501167 35 19
7.25462388992 35 19
7.26659297943 37 19
7.27854895592 37 19
7.29050302505 37 19
7.30247783661 37 19
7.31473398209 37 19
7.32676482201 37 19
7.33871293068 37 19
7.35062980652 37 19
7.36258292198 37 19
7.37451481819 39 19
7.38648986816 39 19
7.398416996 39 19
7.41033601761 39 19
7.42223787308 39 19
7.43414282799 39 19
7.44604301453 39 19
7.45791983604 39 19
7.46982979774 41 19
7.481746912 41 19
7.49370980263 41 19
7.50562000275 41 19
7.51754403114 41 19
7.52946591377 41 19
7.54136300087 41 19
7.55326986313 41 19
7.56517481804 41 19
7.57707095146 43 19
7.58893895149 43 19
7.60079097748 43 19
7.6131529808 43 19
7.62505984306 43 19
7.63696193695 43 19
7.6488468647 43 19
7.66066789627 43 19
7.67261195183 45 19
7.68524098396 45 19
7.69739794731 45 19
7.70937299728 45 19
7.72142386436 45 19
7.73335599899 45 19
7.74530291557 45 19
7.75732398033 45 19
7.76918697357 47 19
7.7812268734 47 19
7.79342889786 47 19
7.80535697937 47 19
7.81739282608 47 19
7.8296380043 47 19
7.84162688255 47 19
7.8536028862 47 19
7.86560487747 47 19
7.8780310154 47 21
7.89008998871 47 21
7.90251302719 47 21
7.91494202614 47 21
7.92738699913 47 21
7.93983387947 47 21
7.95212697983 47 21
7.96446299553 47 21
7.97679281235 49 21
7.98925590515 49 21
8.00178384781 49 21
8.01431798935 49 21
8.0269408226 49 21
8.03940296173 49 21
8.05189394951 49 21
8.06421589851 49 21
8.07666802406 51 21
8.08909296989 51 21
8.10152983665 51 21
8.11398482323 51 21
8.12640690804 51 21
8.13901782036 51 21
8.15161299706 51 21
8.16393995285 51 21
8.17636585236 53 21
8.18890285492 53 21
8.2013258934 53 21
8.21377682686 53 21
8.22621703148 53 21
8.23850703239 53 21
8.25083899498 53 21
8.2632830143 53 21
8.27595686913 55 21
8.28852295876 55 21
8.30079698563 55 21
8.31320595741 55 21
8.32543182373 55 21
8.33764886856 55 21
8.34964680672 55 21
8.36169195175 55 21
8.37366199493 57 21
8.3856317997 57 21
8.39759683609 57 21
8.40960788727 57 21
8.42167687416 57 21
8.4336168766 57 21
8.44576382637 57 21
8.45776295662 57 21
8.46986103058 57 21
8.48229694366 59 21
8.49438500404 59 21
8.50693798065 59 21
8.51976490021 59 21
8.53236985207 59 21
8.5444829464 59 21
8.55665898323 59 21
8.56877183914 59 21
8.58103585243 61 21
8.5935997963 61 21
8.60581994057 61 21
8.61891579628 61 21
8.63125896454 61 21
8.64333796501 61 21
8.65544891357 61 21
8.66772389412 61 21
8.67998385429 63 21
8.6923019886 63 21
8.70463991165 63 21
8.7169418335 63 21
8.72911095619 63 21
8.74129080772 63 21
8.75347781181 63 21
8.76576590538 63 21
8.77801394463 65 21
8.79024100304 65 21
8.80240988731 65 21
8.81457400322 65 21
8.82679796219 65 21
8.83899688721 65 21
8.85115385056 65 21
8.86328887939 65 21
8.87570381165 67 21
8.88793301582 67 21
8.90010690689 67 21
8.91226887703 67 21
8.92444300652 67 21
8.93651795387 67 21
8.94863796234 67 21
8.96075487137 67 21
8.97290587425 67 21
8.9851129055 69 21
8.99749898911 69 21
9.00968003273 69 21
9.02198290825 69 21
9.03436779976 69 21
9.04665184021 69 21
9.05884695053 69 21
9.07122302055 69 21
9.08343982697 71 21
9.09567379951 71 21
9.10786294937 71 21
9.12002301216 71 21
9.13216090202 71 21
9.14432096481 71 21
9.15644097328 71 21
9.17035794258 72 21
9.18287682533 72 21
9.19642591476 72 21
9.20912599564 72 21
9.2217040062 72 21
9.23406600952 72 21
9.24639081955 72 21
9.25841283798 72 21
9.27056002617 72 21
9.28312397003 72 21
9.29525399208 72 21
9.30788087845 72 21
9.32127189636 72 21
9.33476495743 72 21
9.34710001945 72 21
9.35960888863 72 21
9.37202501297 72 21
9.38487887383 72 21
9.39710998535 72 21
9.40914988518 73 21
9.42156791687 73 21
9.43503689766 73 21
9.4472899437 73 21
9.45927095413 73 21
9.4715487957 73 21
9.48366689682 73 21
9.49649882317 73 21
9.5090379715 73 21
9.52156281471 73 21
9.53410983086 73 21
9.54778885841 73 21
9.56095099449 73 21
9.57402396202 73 21
9.58767080307 73 21
9.60076093674 73 21
9.61374998093 73 21
9.62667584419 73 21
9.6394200325 73 21
9.65207791328 73 21
9.66459584236 73 21
9.67698502541 73 21
9.68936800957 73 21
9.70194888115 73 21
9.71466398239 73 21
9.72666501999 73 21
9.73892998695 73 21
9.75097584724 73 21
9.76290988922 73 21
9.7750248909 73 21
9.78702187538 73 21
9.79902982712 73 21
9.81103491783 73 21
9.82313990593 73 21
9.83519291878 73 21
9.84833192825 73 21
9.86053586006 73 21
9.87258791924 73 21
9.88577079773 73 21
9.89829492569 73 21
9.91124892235 73 21
9.92407202721 73 21
9.9368019104 73 21
9.94916200638 73 21
9.96151399612 73 21
9.97443389893 73 21
9.98684692383 73 21
9.99917793274 73 21
10.0131368637 73 21
10.0266690254 73 21
10.040211916 73 21
10.0541529655 73 21
10.0680429935 73 21
10.0819118023 73 21
10.0958518982 73 21
10.1097288132 73 21
10.1230819225 74 21
10.1367058754 74 21
10.15061903 74 21
10.1641118526 74 21
10.1779768467 74 21
10.1915278435 74 21
10.2054300308 74 21
10.2201008797 74 21
10.233520031 74 21
10.2472507954 74 21
10.261138916 74 21
10.2751569748 74 21
10.2889049053 74 21
10.3026199341 74 21
10.316660881 74 21
10.3304769993 74 21
10.3443288803 74 21
10.3579199314 74 21
10.3715119362 74 21
10.3856709003 74 21
10.3994328976 74 21
10.4128069878 74 21
10.4259159565 74 21
10.4397478104 74 21
10.4537968636 74 21
10.4677019119 74 21
10.4815969467 74 21
10.4954779148 74 21
10.5089108944 74 21
10.5225598812 74 21
10.5363168716 74 21
10.5498139858 74 21
10.5630569458 74 21
10.5762820244 74 21
10.5894448757 74 21
10.6027519703 74 21
10.6161878109 74 21
10.6291120052 74 21
10.6417329311 74 21
10.6544718742 74 21
10.6681427956 74 21
10.6822669506 74 21
10.6961798668 74 21
10.7103698254 74 21
10.7240409851 74 21
10.7378118038 74 21
10.7519538403 74 21
10.765914917 74 21
10.7798788548 74 21
10.793599844 74 21
10.8077018261 74 21
10.8218178749 74 21
10.8359599113 74 21
10.8499917984 74 21
10.8639278412 74 21
10.8775730133 74 21
10.8912389278 74 21
10.90604496 74 21
10.9198698997 74 21
10.933907032 74 21
10.9478948116 74 21
10.962749958 74 21
10.9762809277 74 21
10.989759922 74 21
11.0027840137 74 21
11.0167160034 74 21
11.0303778648 74 21
11.0436358452 74 21
11.0567219257 74 21
11.0697398186 74 21
11.084528923 74 21
11.099011898 74 21
11.1125609875 74 21
11.1259360313 74 21
11.1388850212 74 21
11.1523389816 74 21
11.1656348705 74 21
11.1790649891 74 21
11.1923599243 74 21
11.2056720257 74 21
11.219192028 74 21
11.2320218086 74 21
11.2452769279 74 21
11.2592380047 74 21
11.2730059624 74 21
11.2866690159 74 21
11.3000738621 74 21
11.3135709763 74 21
11.3271529675 74 21
11.3406419754 74 21
11.3540418148 74 21
11.3674039841 74 21
11.3804337978 74 21
11.3934009075 74 21
11.4074649811 74 21
11.4214940071 74 21
11.4349899292 74 21
11.4483718872 74 21
11.461879015 74 21
11.4758279324 74 21
11.4898309708 74 21
11.5035328865 74 21
11.5173819065 74 21
11.531318903 74 21
11.5447738171 74 21
11.5594518185 74 21
11.5728588104 74 21
11.5864398479 74 21
11.5999948978 74 21
11.6137290001 74 21
11.6287109852 74 21
11.6424529552 74 21
11.6560299397 74 21
11.6695330143 74 21
11.6830580235 74 21
11.6965999603 74 21
11.7099850178 74 21
11.7233920097 74 21
11.7367830276 74 21
11.7499778271 74 21
11.7632148266 74 21
11.776558876 74 21
11.7896149158 74 21
11.8023710251 74 21
11.8154308796 74 21
11.8282189369 74 21
11.8411509991 74 21
11.8539228439 74 21
11.8668990135 74 21
11.8797090054 74 21
11.892731905 74 21
11.9052979946 74 21
11.9188380241 74 21
11.931609869 74 21
11.9442999363 74 21
11.9569959641 74 21
11.9697868824 74 21
11.9825789928 74 21
11.9952788353 74 21
12.0080769062 74 21
12.0207438469 74 21
12.0333869457 74 21
12.0458939075 74 21
12.0584359169 74 21
12.0718779564 74 21
12.0847058296 74 21
12.0975818634 74 21
12.1103518009 74 21
12.1231749058 74 21
12.1360988617 74 21
12.149394989 74 21
12.1628258228 74 21
12.1755549908 74 21
12.1885919571 74 21
12.2018008232 74 21
12.2147648335 74 21
12.228468895 74 21
12.2417068481 74 21
12.2555480003 74 21
12.2682898045 74 21
12.281306982 74 21
12.2947838306 74 21
12.3083078861 74 21
12.3212409019 74 21
12.3353788853 74 21
12.3489890099 74 21
12.3619668484 74 21
12.3752818108 74 21
12.388561964 74 21
12.4012048244 74 21
12.4143819809 74 21
12.4273200035 74 21
12.440474987 74 21
12.4529709816 74 21
12.4655258656 74 21
12.4791858196 74 21
12.492582798 74 21
12.5056250095 74 21
12.5182709694 74 21
12.5315079689 74 21
12.5453748703 74 21
12.5602729321 74 21
12.5737328529 74 21
12.5873939991 74 21
12.6008298397 74 21
12.613973856 74 21
12.6270718575 74 21
12.640296936 74 21
12.6537599564 74 21
12.666754961 74 21
12.6794848442 74 21
12.6930339336 74 21
12.7053890228 74 21
12.7178778648 74 21
12.730355978 74 21
12.7427999973 74 21
12.7551698685 74 21
12.7674729824 74 21
12.7799229622 74 21
12.7930779457 74 21
12.8059489727 74 21
12.8190028667 74 21
12.8322908878 74 21
12.8453199863 74 21
12.8584558964 74 21
12.871311903 74 21
12.8841338158 74 21
12.8972828388 74 21
12.9101958275 74 21
12.9232988358 74 21
12.9361410141 74 21
12.9494550228 74 21
12.9628689289 74 21
12.9756100178 74 21
12.9884138107 74 21
13.0009999275 74 21
13.0134959221 74 21
13.0259468555 74 21
13.0393509865 74 21
13.0524768829 74 21
13.0653779507 74 21
13.0780940056 74 21
13.0908379555 74 21
13.1032309532 74 21
13.1163089275 74 21
13.1296329498 74 21
13.1426398754 74 21
13.1551380157 74 21
13.1687569618 74 21
13.1809909344 74 21
13.1954209805 74 21
13.2096509933 74 21
13.2231268883 74 21
13.2370638847 74 21
13.2507278919 74 21
13.264688015 74 21
13.2781889439 74 21
13.2921729088 74 21
13.30595994 74 21
13.319617033 74 21
13.3330469131 74 21
13.346326828 74 21
13.3595750332 74 21
13.3732869625 74 21
13.3861489296 74 21
13.400028944 74 21
13.413381815 74 21
13.4264478683 74 21
13.4395389557 74 21
13.4524469376 74 21
13.4652647972 74 21
13.478156805 74 21
13.4909768105 74 21
13.5039269924 74 21
13.5168600082 74 21
13.5297448635 74 21
13.5424368382 74 21
13.5554068089 74 21
13.5677878857 74 21
13.5800609589 74 21
13.5935018063 74 21
13.6062200069 74 21
13.6183409691 74 21
13.6302878857 74 21
13.6422150135 74 21
13.6552050114 74 21
13.6681740284 74 21
13.6812179089 74 21
13.6941878796 74 21
13.7072370052 74 21
13.720749855 74 21
13.7338578701 74 21
13.7476129532 74 21
13.761485815 74 21
13.7746679783 74 21
13.7880268097 74 21
13.8027858734 74 21
13.8167858124 74 21
13.8304300308 74 21
13.8440458775 74 21
13.8583409786 74 21
13.8720049858 74 21
13.8858149052 74 21
13.8992259502 74 21
13.9128990173 74 21
13.9260599613 74 21
13.9391059875 74 21
13.9523098469 74 21
13.9659478664 74 21
13.9790058136 74 21
13.9919059277 74 21
14.0047550201 74 21
14.017524004 74 21
14.0302968025 74 21
14.0430970192 74 21
14.0557518005 74 21
14.0684039593 74 21
14.0812067986 74 21
14.0949919224 74 21
14.1087429523 74 21
14.1220908165 74 21
14.1349918842 74 21
14.1476228237 74 21
14.1602339745 74 21
14.1728508472 74 21
14.185323 74 21
14.1980237961 74 21
14.2111959457 74 21
14.2247898579 74 21
14.2381880283 74 21
14.2513468266 74 21
14.264952898 74 21
14.2791528702 74 21
14.2925269604 74 21
14.3057148457 74 21
14.3190050125 74 21
14.3321158886 74 21
14.3453218937 74 21
14.3584988117 74 21
14.371917963 74 21
14.3850109577 74 21
14.3981268406 74 21
14.4112839699 74 21
14.4250319004 74 21
14.4384260178 74 21
14.4514009953 74 21
14.4642298222 74 21
14.4771327972 74 21
14.4898648262 74 21
14.5028679371 74 21
14.5157430172 74 21
14.5291059017 74 21
14.5424449444 74 21
14.5553789139 74 21
14.5683648586 74 21
14.5813918114 74 21
14.5941348076 74 21
14.6066889763 74 21
14.6194908619 74 21
14.6323778629 74 21
14.6455328465 74 21
14.6591978073 74 21
14.6718327999 74 21
14.6847538948 74 21
14.6975989342 74 21
14.7106308937 74 21
14.7235147953 74 21
14.7361159325 74 21
14.7490148544 74 21
14.7616539001 74 21
14.7750627995 74 21
14.7877058983 74 21
14.8002398014 74 21
14.8129308224 74 21
14.8254189491 74 21
14.8380498886 74 21
14.8506028652 74 21
14.8634459972 74 21
14.8759980202 74 21
14.888725996 74 21
14.9017128944 74 21
14.9146859646 74 21
14.9273719788 74 21
14.940985918 74 21
14.9536089897 74 21
14.966219902 74 21
14.9786458015 74 21
14.9913020134 74 21
15.0046257973 74 21
15.017031908 74 21
15.0296318531 74 21
15.0427658558 74 21
15.055480957 74 21
15.0682859421 74 21
15.080824852 74 21
15.0932598114 74 21
15.1056489944 74 21
15.118737936 74 21
15.1313710213 74 21
15.1441938877 74 21
15.156883955 74 21
15.170758009 74 21
15.1836869717 74 21
15.19708395 74 21
15.2100548744 74 21
15.2228398323 74 21
15.2361450195 74 21
15.2492268085 74 21
15.2620549202 74 21
15.2748639584 74 21
15.2875158787 74 21
15.3000879288 74 21
15.3138070107 74 21
15.3262870312 74 21
15.3387010098 74 21
15.3512248993 74 21
15.3638730049 74 21
15.3765938282 74 21
15.3892560005 74 21
15.4022459984 74 21
15.415514946 74 21
15.4292340279 74 21
15.4422910213 74 21
15.4562978745 74 21
15.4692578316 74 21
15.4821419716 74 21
15.4950399399 74 21
15.5075759888 74 21
15.5200259686 74 21
15.5330719948 74 21
15.5463719368 74 21
15.5586798191 74 21
15.5724129677 74 21
15.5861289501 74 21
15.5995349884 74 21
15.6127769947 74 21
15.6270070076 74 21
15.6397089958 74 21
15.6524209976 74 21
15.6652169228 74 21
15.6778438091 74 21
15.6904258728 74 21
15.702986002 74 21
15.7161288261 74 21
15.7285528183 74 21
15.7409758568 74 21
15.7540938854 74 21
15.7665359974 74 21
15.7800219059 74 21
15.7933750153 74 21
15.8067498207 74 21
15.8190338612 74 21
15.8326058388 74 21
15.8449528217 74 21
15.8584039211 74 21
15.8717908859 74 21
15.8854808807 74 21
15.899160862 74 21
15.912599802 74 21
15.9261147976 74 21
15.9384658337 74 21
15.950884819 74 21
15.9632358551 74 21
15.9755809307 74 21
15.9879000187 74 21
16.0002129078 74 21
16.0131750107 74 21
16.0254728794 74 21
16.0392448902 74 21
16.051692009 74 21
16.0640039444 74 21
