79
1725
1919
1963
2091
2423
2419
2421
2425
2427
2429
2431
2433
2435
2441
2443
2445
2447
2449
2451
2453
2455
2457
2459
2461
2463
2467
2465
2439
2437
2699
2919
2915
2917
2921
2923
2925
2927
2929
2931
2937
2939
2933
2935
2949
2951
2953
2955
2957
2959
2961
2963
2965
2971
2973
2975
2977
2979
2981
2983
2985
2967
2969
3095
3123
3097
3093
3099
3125
3393
3389
3391
3517
3513
3515
3519
3521
3523
3525
3527
3529
3639
3635
3637
3641
3643
3645
3647
3649
3651
3653
4157
4153
4155
4159
4161
4163
4621
4617
4619
4623
4625
4627
4629
4631
4633
4639
4641
4643
4645
4647
4649
4635
4637
4767
4763
4765
5175
5177
5265
5261
5263
5267
5273
5275
5341
5343
5345
5347
5349
5351
5353
5355
5357
5359
5361
5363
5301
5365
5367
5369
5371
5373
5375
5377
5379
5381
5383
5385
5387
5389
5269
5271
5391
5393
5395
5397
5399
5401
5403
5405
5407
5409
5411
5413
5415
5417
5419
5421
5423
5781
5777
5779
5783
5785
5787
5789
5791
5793
5799
5801
5803
5805
5807
5809
5811
5813
5815
5817
5795
5797
6245
6241
6243
6247
6249
6517
6513
6515
6519
6521
6523
6525
6527
6529
6535
6537
6539
6541
6531
6533
6559
6831
6827
6829
6833
6835
6837
6839
6841
6843
6845
6967
6969
6973
6975
6977
7001
6971
7273
7275
7277
7279
7281
7283
7285
7287
7289
7361
7357
7359
7363
7365
7367
7369
7371
7373
7379
7381
7375
7377
7383
7385
7391
7393
7395
7397
7399
7401
7387
7389
7531
7533
7921
8291
8521
8517
8519
8523
8525
8527
8529
8531
8533
8539
8541
8543
8545
8547
8549
8551
8553
8555
8557
8535
8537
10239
10235
10237
10241
10857
10853
10855
10859
10861
10863
11091
11093
11155
11151
11153
11157
11159
11161
11163
11165
11167
11189
11401
11397
11399
11403
11405
11407
11409
11411
11413
11419
11421
11423
11425
11427
11429
11431
11433
11435
11437
11439
11441
11445
11449
11415
11417
11443
11447
11735
11731
11733
11737
11739
11781
11777
11779
11783
11785
11787
11789
11791
11793
11799
11801
11803
11805
11807
11809
11811
11813
11815
11797
11795
12563
12559
12561
12565
12567
12569
12571
12573
12575
12581
12583
12585
12577
12579
13163
13159
13161
13165
13167
13169
13171
13173
13175
13181
13183
13185
13187
13189
13191
13177
13179
13309
13793
13873
14323
14319
14321
14355
14351
14353
14357
14359
14437
14439
14475
14471
14473
14497
14499
14563
14719
14715
14717
14721
14723
14725
14727
14729
14731
14879
14875
14877
14881
14883
14885
14887
14889
14955
14951
14953
14957
14959
14961
14963
15143
15139
15141
15145
15147
15149
15151
15153
15155
15161
15163
15165
15167
15169
15171
15173
15175
15157
15159
15193
15195
15197
15199
15201
15203
15205
15207
15209
15211
15281
15277
15279
15283
15285
15287
15289
15291
15293
15299
15301
15303
15305
15307
15295
15297
15639
15635
15637
15641
15643
15645
15647
15649
15651
15657
15659
15661
15663
15665
15667
15669
15671
15673
15675
15677
15679
15683
15653
15681
15655
16389
16391
16543
16651
16941
16937
16939
16943
16945
16947
16949
17175
17171
17173
17177
17179
17181
17183
17259
17383
17379
17381
17399
17401
17403
17405
17515
17511
17513
17517
17519
17521
17901
17897
17899
17903
17905
18085
18081
18083
18087
18089
18091
18093
18095
18097
18103
18105
18107
18109
18111
18113
18115
18117
18119
18121
18099
18101
18471
18473
18495
18515
18513
18493
18517
18519
18521
18523
18531
18719
18715
18717
19061
19097
19093
19095
19099
19101
19187
19707
19703
19705
19709
19711
19713
19715
19717
19719
19725
19727
19729
19731
19733
19721
19723
19891
19893
20133
20129
20131
20135
20137
20139
20141
20143
20145
20151
20153
20155
20157
20159
20147
20149
20247
20243
20245
20287
20283
20285
20289
20291
20293
20295
20297
20299
20305
20307
20309
20311
20313
20315
20301
20303
20473
20469
20471
20475
20685
20683
20687
20689
20691
20693
20695
20697
20699
20703
20705
20707
20709
20711
20713
20715
20717
20719
20681
20701
20761
20763
20785
20811
20813
20781
20783
21027
21057
21053
21055
21059
21061
21063
21065
21071
21067
21069
21329
21411
21413
21859
21855
21857
21861
21863
21865
21867
21869
21871
21877
21879
21881
21883
21885
21887
21889
21875
21873
21897
22107
22131
22127
22129
22133
22135
22137
22343
22339
22341
22345
22347
22349
22351
22353
22355
22361
22363
22365
22367
22369
22371
22357
22359
22465
22467
22469
22471
22483
22485
22487
22489
22491
22493
22495
22497
22499
22461
22457
22473
22475
22477
22479
22481
22459
22463
22517
22519
22521
22523
22525
22527
22529
22531
22533
22539
22541
22543
22545
22547
22549
22535
22537
22649
23107
23699
23757
23753
23755
23759
23761
23763
23765
23767
23769
23775
23777
23779
23781
23783
23771
23773
23829
23831
23833
23835
23837
24159
24809
24811
25051
25053
25241
25331
25327
25329
25333
25335
25337
25339
25357
25359
25361
25363
25365
25367
25369
25371
25373
25379
25375
25377
25555
25557
25559
25561
25563
25951
26009
26005
26007
26011
26013
26015
26017
26019
26021
26099
26095
26097
26101
26103
26105
26107
26109
26281
26331
26327
26329
26333
26335
26337
26339
26341
26343
26349
26351
26353
26355
26357
26359
26345
26347
26865
26861
26863
26867
26869
26871
26879
26881
26883
26885
26887
26889
26891
26893
26895
26897
26899
26901
26903
26873
26875
26877
26921
26967
26969
26971
27251
27247
27249
27253
27255
27257
27259
27261
27333
27329
27331
27335
27337
27339
27341
27343
27345
27351
27353
27355
27357
27347
27349
27831
27827
27829
27833
27839
27847
27849
27859
27861
27883
27885
27887
27889
27891
27893
27895
27897
27899
27901
27903
27905
27907
27835
27837
27841
27843
27845
27851
27867
27869
27853
27863
27865
27855
27857
28007
28009
28011
28013
28015
28017
28019
28021
28023
28025
28027
28029
28031
28033
28035
28037
28039
28041
28043
28045
28047
28049
28051
28053
28055
28057
28083
28085
28087
28089
28091
28093
28095
28097
28099
28101
28103
28105
28107
28109
28111
28113
28115
28117
28119
28121
28123
28125
28127
28129
28131
28133
28209
28211
28213
28215
28217
28219
28221
28223
28225
28227
28229
28231
28233
28235
28237
28239
28241
28243
28245
28247
28249
28251
28253
28255
28257
28259
28159
28161
28163
28165
28167
28169
28171
28173
28175
28177
28179
28181
28183
28383
28385
28387
28389
28391
28393
28395
28397
28399
28401
28403
28405
28407
28409
28411
28413
28415
28417
28419
28421
28423
28425
28427
28429
28431
28433
28333
28335
28337
28339
28341
28343
28345
28347
28349
28351
28353
28355
28357
28359
28483
28485
28487
28489
28491
28493
28495
28497
28499
28501
28503
28505
28507
28535
28537
28539
28541
28543
28545
28547
28549
28551
28553
28555
28557
28559
28583
28585
28587
28589
28591
28593
28595
28597
28599
28601
28603
28605
28607
28509
28511
28513
28515
28517
28519
28521
28523
28525
28527
28529
28531
28533
28609
28611
28613
28615
28617
28619
28621
28623
28625
28627
28629
28631
28633
28709
28711
28713
28715
28717
28719
28721
28723
28725
28727
28729
28731
28733
28735
28737
28739
28741
28743
28745
28747
28749
28751
28753
28755
28757
28807
28825
28827
28829
28831
28833
28835
28837
28839
28841
28847
28849
28843
28845
28945
28941
28943
28947
28949
28951
28953
28955
28957
28963
28965
28961
28959
29135
29137
29315
29311
29313
29317
29319
29321
29323
29325
29327
29329
30007
30393
30557
30687
30683
30685
30929
31079
31075
31077
31081
31083
31085
31087
31089
31091
31097
31099
31101
31103
31093
31095
31205
31201
31203
31207
31209
31211
31213
31215
31217
31223
31225
31219
31221
31291
31423
31589
31585
31587
31591
31593
31595
31597
31599
31601
31607
31609
31611
31613
31615
31617
31619
31621
31623
31625
31627
31605
31629
31603
31915
32515
32517
32973
32969
32971
33587
33583
33585
33589
33591
33593
33595
33597
33631
33633
33635
33637
33777
34399
34395
34397
34401
34403
34405
34407
34409
34411
34415
34413
35449
35491
35515
35517
35561
35557
35559
35563
35565
35567
35569
35571
35573
35733
36043
36403
36399
36401
36405
36407
36409
36411
36413
36415
36421
36417
36419
36447
36449
36451
36453
36777
36813
36809
36811
36815
36817
36819
36821
36823
36825
36831
36833
36835
36837
36839
36841
36843
36845
36847
36829
36827
36935
36931
36933
36937
37005
37001
37003
37007
37009
37011
37013
37351
37347
37349
37353
37355
37357
37359
37361
37363
37365
37367
37497
37493
37495
37499
37501
37503
37505
37507
37509
37515
37517
37519
37521
37511
37513
38657
38653
38655
38659
38661
38663
38665
38667
38669
38671
38679
38681
38683
38685
38687
38689
38691
38693
38695
38751
38933
38929
38931
38939
38941
38943
38945
38947
38949
38951
38953
38955
38961
38963
38965
38967
38957
38959
39063
39059
39061
39871
39867
39869
39873
39875
40137
40139
40277
40273
40275
40279
40281
40835
40831
40833
40837
40839
40841
40843
40875
40877
40879
40881
40883
40885
40887
40889
40891
40897
40899
40901
40903
40905
40893
40895
41735
41731
41733
41737
41739
41741
41743
41887
41889
41971
41973
42269
42535
42531
42533
42537
42539
42541
42557
42579
42581
42619
43251
43253
43707
43887
43889
44233
44241
44237
44239
44243
44249
44251
44253
44245
44247
44317
44319
44321
44323
44325
44327
44329
44331
44333
44335
44337
44339
44341
44423
44425
44427
44429
44431
44433
44435
44437
44439
44445
44447
44449
44451
44453
44441
44443
44683
44679
44681
44685
44691
44717
44687
44689
44693
44719
44867
45221
45561
45557
45559
45563
45565
45567
45569
45571
45573
45575
45745
45741
45743
45747
45749
45751
45753
45755
45757
45763
45765
45767
45769
45759
45761
45985
45989
45991
45993
45995
45997
45999
45981
45983
45987
46179
46175
46177
46181
46183
46185
46187
46189
46195
46191
46193
46197
46331
46333
46335
46337
46339
46341
46343
46345
46347
46349
46351
46353
46355
46221
46223
46279
46281
46283
46285
46287
46289
46291
46293
46295
46297
46299
46301
46303
46305
46307
46309
46311
46313
46315
46317
46319
46321
46323
46325
46327
46329
46457
46459
46461
46463
46465
46467
46469
46471
46473
46475
46477
46479
46381
46383
46385
46387
46389
46391
46393
46395
46397
46399
46401
46403
46405
46481
46483
46485
46487
46489
46491
46493
46495
46497
46499
46501
46503
46505
46507
46681
46685
46875
46871
46873
46973
46969
46971
46975
46977
46979
46981
46983
46985
46987
47021
47023
47025
47027
47029
47031
47033
47035
47037
47043
47039
47041
47481
47691
47693
47735
47757
47981
47977
47979
47983
48135
48131
48133
48137
48139
48141
48143
48145
48147
48153
48155
48157
48159
48161
48163
48165
48167
48169
48171
48173
48175
48179
48177
48181
48183
48149
48151
48209
48211
48213
48215
48217
48219
48221
48223
48225
48227
48229
48347
48343
48345
48349
48351
48353
48355
48357
48359
48365
48367
48369
48371
48373
48361
48363
48641
48813
48809
48811
48815
48817
48819
48821
48823
48825
48831
48833
48835
48837
48839
48841
48827
48829
49207
49211
49213
49215
49217
49219
49221
49223
49225
49227
49229
49231
49203
49205
49209
49239
49241
49285
49287
49289
49291
49293
49295
49297
49353
49349
49351
49355
49357
49359
49361
49363
49409
49405
49407
49411
49413
49415
49561
49557
49559
49563
49565
49567
49829
49825
49827
49989
49985
49987
49991
49993
49995
49997
49999
50001
50143
50139
50141
50159
50457
50453
50455
50459
50461
50463
50489
50491
50493
50495
50497
50499
50501
50503
50505
50511
50513
50515
50517
50519
50521
50523
50525
50527
50529
50531
50507
50509
51197
51555
51551
51553
51557
51559
51665
51681
51683
52031
52123
52119
52121
52125
52127
52129
52131
52133
52135
52141
52143
52145
52147
52149
52151
52137
52139
52221
52217
52519
52515
52517
52521
52523
52525
53301
53297
53299
53303
53305
53307
53309
53311
53313
53319
53315
53317
53323
53325
53349
53351
53353
53355
53357
53359
53361
53383
53385
53455
53451
53453
53457
53695
53691
53693
53697
53699
53701
53707
53709
53733
53735
53795
53797
53799
53801
53803
53805
53807
53809
53811
53813
53815
53817
53819
53703
53705
53821
53823
53825
53827
53829
53831
53833
53835
53837
53839
53841
53843
53845
53923
53925
53927
53929
53931
53933
53935
53937
53939
53941
53943
53945
53947
53949
53951
53953
53955
53957
53959
53961
53963
53965
53897
53899
53901
53903
53905
53907
53909
53911
53913
53915
53917
53919
53921
53977
53973
53975
53991
53993
53995
54161
54635
54631
54633
54709
54705
54707
54711
54713
54715
54717
54719
54721
54749
54725
54727
54761
54763
54765
54767
54769
54771
54773
54775
54777
54779
54781
54783
54785
54751
54753
54723
54935
54937
54939
54941
54943
54945
54947
54949
54951
54953
54955
54957
54959
54961
55035
55037
55039
55041
55043
55045
55047
55049
55051
55053
55055
55057
55059
55085
55087
55089
55091
55093
55095
55097
55099
55101
55103
55105
55107
55109
55111
55113
55115
55117
55119
55121
55123
55125
55127
55129
55131
55133
55135
55185
55187
55189
55191
55193
55195
55197
55199
55201
55203
55205
55207
55209
55211
55213
55215
55217
55219
55221
55223
55225
55227
55229
55231
55233
55309
55311
55313
55315
55317
55319
55321
55323
55325
55327
55329
55331
55333
55335
55235
55237
55239
55241
55243
55245
55247
55249
55251
55253
55255
55257
55259
55261
55263
55265
55267
55269
55271
55273
55275
55277
55279
55281
55283
55285
55411
55413
55415
55417
55419
55421
55423
55425
55427
55429
55431
55433
55435
55437
55439
55441
55443
55445
55447
55449
55451
55453
55455
55457
55459
55461
55485
55487
55489
55491
55493
55495
55497
55499
55501
55503
55505
55507
55509
55511
55513
55515
55517
55519
55521
55523
55525
55527
55529
55531
55533
55535
55537
55539
55541
55543
55545
55547
55549
55551
55553
55555
55557
55559
55561
55585
55587
55589
55591
55593
55595
55597
55599
55601
55603
55605
55607
55609
55611
55711
55713
55715
55717
55719
55721
55723
55725
55727
55729
55731
55733
55735
55737
55637
55639
55641
55643
55645
55647
55649
55651
55653
55655
55657
55659
55837
55839
55841
55843
55845
55847
55849
55851
55853
55855
55857
55859
55861
55661
55663
55665
55667
55669
55671
55673
55675
55677
55679
55681
55683
55685
55963
55965
55967
55969
55971
55973
55975
55977
55979
55981
55983
55985
55937
55939
55941
55943
55945
55947
55949
55951
55953
55955
55957
55959
55961
56035
56037
56039
56041
56043
56045
56047
56049
56051
56053
56055
56057
56059
56061
56063
56065
56067
56069
56071
56073
56075
56077
56079
56081
56083
56085
56087
56089
56091
56093
56095
56097
56099
56101
56103
56105
56107
56109
56111
56113
56115
56117
56119
56121
56123
56125
56127
56129
56131
56133
56135
56159
56161
56163
56165
56167
56169
56171
56173
56175
56177
56179
56181
56183
56185
56187
56189
56191
56193
56195
56197
56199
56201
56203
56205
56207
56261
56263
56265
56267
56269
56271
56273
56275
56277
56279
56281
56283
56309
56311
56313
56315
56317
56319
56321
56323
56325
56327
56329
56331
56333
56209
56211
56213
56215
56217
56219
56221
56223
56225
56227
56229
56231
56233
56235
56237
56239
56241
56243
56245
56247
56249
56251
56253
56255
56257
56259
56383
56385
56387
56389
56391
56393
56395
56397
56399
56401
56403
56405
56407
56409
56661
56663
56665
56667
56669
56671
56673
56675
56677
56679
56681
56633
56635
56637
56639
56641
56643
56645
56647
56649
56651
56653
56655
56657
56659
56683
56685
56687
56689
56691
56693
56695
56697
56699
56701
56703
56705
56707
56709
56735
56737
56739
56741
56743
56745
56747
56749
56751
56753
56755
56757
56759
56785
56787
56789
56791
56793
56795
56797
56799
56801
56803
56805
56807
56961
56963
56965
56967
56969
56971
56973
56975
56977
56979
56981
56983
56985
56809
56811
56813
56815
56817
56819
56821
56823
56825
56827
56829
56831
56833
56835
56911
56913
56915
56917
56919
56921
56923
56925
56927
56929
56931
56933
56935
57111
57113
57115
57117
57119
57121
57123
57125
57127
57129
57131
57133
57159
57161
57163
57165
57167
57169
57171
57173
57175
57177
57179
57181
57183
57085
57087
57089
57091
57093
57095
57097
57099
57101
57103
57105
57107
57109
57207
57209
57211
57213
57215
57217
57219
57221
57223
57225
57227
57229
57231
57233
57333
57335
57337
57339
57341
57343
57345
57347
57349
57351
57353
57355
57357
57307
57309
57311
57313
57315
57317
57319
57321
57323
57325
57327
57329
57331
57433
57435
57437
57439
57441
57443
57445
57447
57449
57451
57453
57455
57533
57535
57537
57539
57541
57543
57545
57547
57549
57551
57553
57555
57557
57457
57459
57461
57463
57465
57467
57469
57471
57473
57475
57477
57479
57481
57483
57659
57661
57663
57665
57667
57669
57671
57673
57675
57677
57679
57681
57683
57757
57759
57761
57763
57765
57767
57769
57771
57773
57775
57777
57779
57781
57633
57635
57637
57639
57641
57643
57645
57647
57649
57651
57653
57655
57657
57831
57833
57835
57837
57839
57841
57843
57845
57847
57849
57851
57853
57855
57907
57909
57911
57913
57915
57917
57919
57921
57923
57925
57927
57929
57931
57857
57859
57861
57863
57865
57867
57869
57871
57873
57875
57877
57879
57981
57983
57985
57987
57989
57991
57993
57995
57997
57999
58001
58003
58005
57881
57883
57885
57887
57889
57891
57893
57895
57897
57899
57901
57903
57905
58107
58109
58111
58113
58115
58117
58119
58121
58123
58125
58127
58129
58131
58157
58159
58161
58163
58165
58167
58169
58171
58173
58175
58177
58179
58181
58231
58233
58235
58237
58239
58241
58243
58245
58247
58249
58251
58253
58255
58257
58259
58261
58263
58265
58267
58269
58271
58273
58275
58277
58279
58281
58483
58485
58487
58489
58491
58493
58495
58497
58499
58501
58503
58505
58507
58509
58511
58513
58515
58517
58519
58521
58523
58525
58527
58529
58531
58533
58535
58537
58539
58541
58543
58545
58547
58549
58551
58553
58555
58557
58457
58459
58461
58463
58465
58467
58469
58471
58473
58475
58477
58479
58481
58581
58583
58585
58587
58589
58591
58593
58595
58597
58599
58601
58603
58605
58607
58609
58611
58613
58615
58617
58619
58621
58623
58625
58627
58629
58705
58707
58709
58711
58713
58715
58717
58719
58721
58723
58725
58727
58729
58631
58633
58635
58637
58639
58641
58643
58645
58647
58649
58651
58653
58655
58759
58761
58763
58765
58767
58769
58771
58773
58775
58777
58779
58781
58807
58809
58811
58813
58815
58817
58819
58821
58823
58825
58827
58829
58831
58731
58733
58735
58737
58739
58741
58743
58745
58747
58749
58751
58753
58755
58757
58907
58909
58911
58913
58915
58917
58919
58921
58923
58925
58927
58929
58931
59007
59009
59011
59013
59015
59017
59019
59021
59023
59025
59027
59029
59083
59085
59087
59089
59091
59093
59095
59097
59099
59101
59103
59105
59031
59033
59035
59037
59039
59041
59043
59045
59047
59049
59051
59053
59055
59057
59059
59061
59063
59065
59067
59069
59071
59073
59075
59077
59079
59081
59231
59233
59235
59237
59239
59241
59243
59245
59247
59249
59251
59253
59255
59283
59285
59287
59289
59291
59293
59295
59297
59299
59301
59303
59305
59307
59257
59259
59261
59263
59265
59267
59269
59271
59273
59275
59277
59279
59281
59403
59605
59601
59603
59607
59609
59611
59853
59849
59851
59855
59857
59859
59861
59863
59865
59871
59873
59875
59877
59867
59869
60245
60241
60243
60247
60249
60251
60253
60255
60257
60263
60265
60267
60269
60271
60273
60275
60259
60261
60375
60377
60623
60673
60669
60671
60675
60677
60679
60681
60683
60685
60691
60693
60687
60689
60763
60765
60809
60805
60807
60811
60813
60815
60817
61053
61049
61051
61055
61057
61059
61061
61109
61105
61107
61111
61113
61115
61117
61119
61121
61127
61125
61123
61297
61293
61299
61301
61303
61305
61307
61295
61367
61363
61365
61369
61371
61373
61375
61377
61379
61385
61387
61389
61391
61393
61395
61397
61399
61401
61403
61405
61407
61381
61409
61383
61495
61497
61717
61713
61715
61719
61721
61723
61725
61801
61797
61799
61803
61805
62007
62003
62005
62071
62245
62247
62323
62319
62321
62325
62327
62329
62331
62333
62335
62341
62343
62345
62347
62349
62337
62339
62383
62385
62555
62551
62553
62557
62559
62561
62563
62565
62567
62573
62575
62577
62579
62581
62583
62585
62587
62589
62591
62593
62599
62595
62597
62569
62571
62605
62607
62609
62611
62613
62615
62617
62669
62671
62673
63105
63251
63253
63311
63785
63781
63783
63787
63789
63791
63793
63795
63797
63803
63805
63807
63809
63811
63813
63815
63817
63819
63821
63823
63825
63827
63799
63801
63967
63969
63991
63987
63989
63993
63995
63997
63999
64001
64003
64005
64007
64009
64011
64013
64171
64167
64169
64173
64175
64177
64357
64511
64507
64509
64513
64515
64517
64519
64647
64643
64645
64649
64651
64653
64655
64657
64659
64665
64667
64669
64671
64661
64663
64699
64695
64697
64701
64703
64705
64707
64709
64835
64837
64883
64885
64857
64859
64905
64907
64909
65075
65131
65127
65129
65133
65135
65137
65139
65141
65143
65145
65203
65199
65201
65205
65207
65209
65211
65213
65215
65241
65413
65409
65411
65415
65417
65419
65421
65423
65425
65431
65433
65435
65437
65439
65441
65443
65445
65447
65449
65451
65453
65429
65455
65427
65973
66367
66363
66365
66369
66371
66373
66375
66377
66379
66385
66387
66389
66391
66381
66383
66605
66601
66603
66607
66689
66685
66687
66691
66693
66695
66697
66699
66701
66707
66709
66711
66713
66715
66717
66703
66705
66815
66941
66937
66939
66943
66945
66947
66949
66951
66953
66959
66961
66955
66957
67155
67157
67231
67233
67473
67469
67471
67475
67477
67479
67481
67483
67485
67487
67489
67491
67835
67831
67833
67837
69813
69869
69871
69977
69973
69975
69979
69981
69983
70719
70715
70717
70721
70723
70725
71305
71307
71477
71687
71683
71685
71689
71691
71693
71695
71697
71699
71705
71707
71709
71711
71713
71715
71717
71719
71701
71703
