93
89
91
95
97
103
105
107
109
111
113
115
117
119
121
123
125
895
891
893
897
979
1429
1425
1427
1431
1441
1443
1433
1435
1437
1439
2349
2345
2347
2807
2803
2805
2809
2811
2813
2815
2817
2819
2825
2827
2829
2831
2833
2835
2837
2839
2841
2843
2845
2821
2823
2909
2911
2913
2915
2917
2919
2921
2923
2925
2931
2933
2935
2937
2939
2927
2929
2951
2953
2955
2957
2959
2961
3583
3579
3581
3585
3587
3589
3591
3593
3595
3601
3603
3605
3607
3609
3611
3613
3615
3617
3597
3599
3633
3975
3971
3973
3977
3979
3981
3983
3985
3987
3993
3995
3997
3999
4001
4003
4005
4007
4009
4011
3991
3989
4855
5453
5449
5451
5561
5563
5567
5569
5571
5573
5575
5565
5651
5657
5727
6329
6325
6327
6331
6333
6335
6337
6339
6341
6347
6349
6351
6353
6355
6357
6359
6361
6363
6365
6367
6369
6373
6345
6371
6343
6655
6651
6653
6657
6659
6661
7347
7733
8199
8195
8197
8201
8235
8237
8243
8245
8247
8249
8251
8253
8255
8257
8259
8265
8267
8261
8263
8343
8339
8341
8345
8347
8349
8351
8353
8355
8361
8357
8359
8599
8595
8597
8601
8603
8605
8607
8609
8611
8617
8619
8621
8623
8625
8627
8629
8631
8633
8635
8637
8639
8615
8641
8613
9015
9011
9013
9159
9155
9157
9161
9163
9165
9169
9167
9375
9371
9373
9377
9379
9381
10065
10209
10205
10207
10211
10213
10215
10803
10813
10937
10933
10935
10939
11059
11055
11057
11061
11063
11065
11067
11069
11071
11077
11079
11081
11083
11085
11087
11089
11073
11075
11131
11143
11773
12077
12095
12091
12093
12097
12099
12101
12497
12493
12495
12499
12501
12503
12505
12507
12509
12511
12513
12685
12681
12683
12687
12689
12691
12693
12695
12697
12703
12705
12699
12701
12941
12937
12939
12943
12945
12947
12949
12951
12953
12959
12961
12963
12955
12957
13115
13111
13113
13117
13119
13121
13565
13561
13563
13567
13569
13571
13573
13575
13577
13769
13765
13767
13771
13773
13775
13777
13779
13781
13783
14415
14411
14413
14417
14419
15073
15069
15071
15075
15077
15079
15253
15249
15251
15255
15257
15259
15261
15263
15265
15267
15389
15399
15395
15397
15401
15403
15661
15657
15659
15669
15671
15673
15675
15677
15679
15681
15683
15685
15691
15687
15689
15867
15869
15945
15947
16001
15997
15999
16003
16005
16007
16009
16011
16013
16019
16021
16015
16017
16023
16025
16027
16029
16031
16033
16035
16037
16109
16105
16107
16111
16239
16235
16237
16241
16243
16245
16247
16249
16251
16253
16709
16705
16707
16711
16713
16715
16717
16719
16755
16757
16759
16761
16763
16765
16767
16769
16771
16773
16775
16913
16915
17023
17287
17365
17367
17709
17705
17707
17711
17713
18013
18015
18197
18193
18195
18199
18201
18203
18205
18207
18209
18215
18217
18219
18221
18211
18213
18463
18459
18461
18465
18467
18469
18471
18473
18475
18481
18483
18477
18479
18941
18937
18939
19299
19781
19777
19779
19783
19785
19787
19789
19835
19831
19863
19865
19867
19869
19871
19873
19875
19879
19833
19837
19839
19841
19843
19845
19877
19881
19847
19849
19851
19853
19855
19857
19859
19861
20133
20129
20131
20135
20137
20139
20141
20143
20461
20463
20821
20823
20877
20873
20875
20879
20881
20883
20885
20887
20889
20895
20897
20899
20891
20893
20947
20949
20951
20953
20955
20957
20959
20961
20989
21311
21313
21537
21595
21591
21593
21597
21599
21601
21603
21729
21725
21727
21731
21733
21735
21973
22367
22363
22365
22369
22403
22697
22921
22917
22919
22945
22947
23549
23545
23547
23551
23553
23555
23557
23559
23693
23689
23691
23695
23697
23699
23701
23703
23711
23713
23715
23717
23719
23721
23723
23725
23727
23819
23821
23823
23825
23827
23829
23831
23833
23835
23837
23839
23841
23843
23845
23847
23849
23851
23853
23855
23857
23859
23861
23863
23865
23867
23869
23871
24151
24153
24155
24157
24159
24169
24171
24173
24175
24177
24179
24181
24183
24185
24191
24187
24189
24263
24265
24267
24269
24271
24273
24275
24277
24279
24281
24283
24285
24287
24289
24291
24293
24323
24325
24327
24329
24331
24333
24335
24337
24339
24341
24343
24345
24347
24449
24451
24453
24455
24457
24459
24461
24463
24465
24467
24469
24471
24473
24423
24425
24427
24429
24431
24433
24435
24437
24439
24441
24443
24445
24447
24599
24601
24603
24605
24607
24609
24611
24613
24615
24617
24619
24621
24623
24625
24627
24629
24631
24633
24635
24637
24639
24641
24643
24645
24647
24497
24499
24501
24503
24505
24507
24509
24511
24513
24515
24517
24519
24521
24523
24773
24775
24777
24779
24781
24783
24785
24787
24789
24791
24793
24795
24797
24799
24673
24675
24677
24679
24681
24683
24685
24687
24689
24691
24693
24695
24697
24699
25045
25041
25043
25047
25049
25051
25053
25055
25529
25797
25793
25795
25799
25801
25803
25805
25807
25809
25811
25813
25927
25923
25925
25929
25931
25933
25935
25937
25939
25945
25947
25949
25951
25953
25941
25943
26165
26161
26163
26167
26169
26171
26173
26175
26177
26745
26741
26743
26747
26749
26751
26753
26755
26757
26759
27037
27033
27035
27039
27041
27223
27219
27221
27225
27227
27229
27231
27319
28621
28623
28843
28845
28847
28849
28851
28853
28855
28857
28859
28865
28867
28869
28871
28873
28875
28877
28879
28881
28883
28885
28887
28863
28889
28861
29475
30521
30687
30689
30739
30735
30737
30741
30743
30745
30747
30749
30751
30757
30759
30761
30763
30765
30767
30769
30771
30753
30755
31081
31077
31079
31083
31085
31089
31091
31093
31095
31097
31099
31101
31103
31105
31107
31111
31109
31457
31453
31455
31463
31465
31467
31469
31471
31473
31475
31477
31459
31461
31519
31521
32219
32215
32217
32221
32223
32225
32227
32229
32893
32915
32911
32913
32917
32919
32921
32923
32925
32927
32933
32935
32929
32931
33013
33015
33031
33061
33063
33067
33069
33033
33037
33357
33353
33355
33359
33361
33363
33515
33627
33623
33625
34339
34337
34333
34335
34799
34795
34797
34801
34803
34805
34807
34823
34825
34875
34871
34873
34877
34879
34881
34883
34885
34887
34893
34895
34897
34899
34901
34903
34905
34907
34909
34911
34889
34891
35025
35083
35079
35081
35085
35087
35089
35127
36067
36483
36479
36481
36485
36487
36489
36491
36493
36495
36501
36503
36497
36499
36591
36587
36589
36593
36595
36597
36599
36601
36603
36609
36611
36613
36615
36617
36619
36621
36623
36605
36607
37055
37051
37053
37057
37059
37061
37063
37065
37069
37071
37073
37075
37077
37155
37151
37153
37157
37159
37161
37163
37165
37507
37503
37505
37509
37511
37513
37751
37747
37749
37753
37755
37757
37759
37761
37763
37769
37771
37773
37775
37777
37779
37781
37783
37785
37787
37789
37791
37765
37793
37799
37797
37767
37819
37821
37823
37825
37827
37829
37831
37833
37919
38113
38237
38239
38885
38881
38883
39331
39327
39329
39333
39335
39337
39339
39341
39343
39349
39351
39353
39355
39357
39359
39345
39347
39489
39653
39677
39897
39997
40477
40473
40475
41727
42163
42555
42551
42553
42557
42559
42561
42653
42649
42651
42655
42657
42659
42661
42663
42665
42667
42669
42705
42707
42709
42711
42713
42715
42717
42719
42721
42723
42725
42727
42729
42731
42733
42735
42737
42739
42741
42743
42745
42747
42749
42751
42753
42695
42697
42755
42757
42759
42761
42763
42765
42767
42769
42771
42773
42775
42777
42779
42671
42805
42807
42809
42811
42813
42815
42817
42819
42821
42823
42825
42827
42829
42855
42857
42859
42861
42863
42865
42867
42869
42871
42873
42875
42877
42879
42905
42907
42909
42911
42913
42915
42917
42919
42921
42923
42925
42927
42929
42931
42933
42935
42937
42939
42941
42943
42945
42947
42949
42951
42953
43005
43007
43009
43011
43013
43015
43017
43019
43021
43023
43025
43027
43029
43031
43033
43035
43037
43039
43041
43043
43045
43047
43049
43051
43053
43055
42955
42957
42959
42961
42963
42965
42967
42969
42971
42973
42975
42977
42979
43105
43107
43109
43111
43113
43115
43117
43119
43121
43123
43125
43127
43129
43131
43155
43157
43159
43161
43163
43165
43167
43169
43171
43173
43175
43177
43179
43181
43183
43185
43187
43189
43191
43193
43195
43197
43199
43201
43203
43205
43537
43675
44493
44489
44491
44495
44497
44499
44501
44503
44505
44507
44509
44559
44555
44557
44561
44563
44565
44567
44569
44571
44577
44579
44581
44573
44575
44713
44709
44711
44715
44717
44719
44721
44723
44725
44731
44727
44729
45079
45081
45161
45159
45389
45385
45387
45391
45393
45395
45519
45521
45525
45527
45523
45707
45703
45705
45709
45711
45713
45715
45725
45721
45723
45727
45729
45751
45753
46295
46305
46307
46277
46297
46299
46301
46303
46271
46267
46269
46273
46275
46309
46311
46313
46315
46317
46319
46321
46323
46325
46327
46329
46331
46333
47051
47047
47049
47053
47055
47057
47059
47061
47063
47069
47071
47073
47075
47077
47079
47081
47065
47067
47879
47875
48037
48033
48035
48039
48041
48043
48089
48085
48087
48091
48093
48095
48273
48493
48557
48559
48665
48661
48663
48667
48669
48775
48771
48773
48777
49085
49081
49083
49087
49089
49091
49093
49095
49097
49117
49119
49121
49123
49125
49127
49137
49139
49141
49143
49145
49147
49149
49151
49153
49155
49157
49131
49129
49133
49161
49135
49195
49193
49197
49199
49589
49617
49619
49591
49587
49593
49989
49985
49987
49991
49993
49995
49997
49999
50001
50003
50061
50057
50059
50063
50065
50067
50069
50071
50073
50075
50827
50823
50825
50829
50831
50833
50835
50959
50955
50957
50961
50963
50965
50967
50969
50971
50973
51005
51007
51009
51011
51013
51015
51017
51019
51021
51023
51025
51133
51129
51131
51135
51137
51139
51141
51143
51145
51151
51153
51155
51157
51159
51161
51163
51165
51167
51169
51171
51173
51147
51175
51149
51503
51499
51501
51505
51507
51509
51511
51513
51515
51521
51523
51525
51527
51529
51531
51533
51535
51537
51517
51519
51549
51551
51553
51555
51557
51559
51561
51563
51565
51571
51573
51575
51577
51579
51581
51583
51585
51567
51569
52643
52639
52641
52645
52647
52649
52651
52653
52655
52657
52845
52841
52843
52847
52849
52851
52853
52855
52857
52863
52865
52867
52869
52871
52873
52875
52877
52879
52881
52859
52861
53033
53035
53313
53315
53703
53699
53701
53705
53707
53709
53711
53947
53943
53945
53949
53951
53953
53955
53957
53959
53965
53961
53963
54371
54367
54369
54373
54375
54377
55089
55085
55087
55091
55093
55391
55387
55389
55393
55395
55397
55399
55401
55431
55403
55405
55407
55429
55491
55493
55495
55497
55499
55501
55503
55505
55507
55509
55511
55513
55515
55593
55595
55597
55599
55601
55603
55605
55607
55609
55611
55613
55615
55617
55517
55519
55521
55523
55525
55527
55529
55531
55533
55535
55537
55539
55541
55543
55723
55725
56207
56349
56345
56347
56351
56353
56355
56363
56357
56359
56361
56371
56981
56977
56979
56983
56985
56987
56989
56991
56993
56999
57001
57003
57005
57007
57009
57011
57013
57015
57017
57019
57021
57023
56995
56997
57139
57135
57137
57141
57143
57145
57147
57149
57151
57157
57153
57155
57633
57629
57631
57637
57639
57641
57643
57645
57647
57649
57651
57653
57655
57657
57659
57661
58169
58165
58167
58171
58173
58175
58177
58437
58695
58697
59113
59109
59111
59115
59117
59119
59121
59123
59125
59131
59133
59127
59129
59185
59181
59183
59187
59189
59191
59193
59195
59197
59203
59205
59207
59209
59211
59213
59215
59217
59219
59221
59223
59225
59229
59199
59227
59201
60101
60355
60405
60457
60453
60455
60459
60461
60463
60465
60525
60979
60981
61841
61837
61839
62439
62441
63147
63161
63825
63821
63823
63827
63829
63831
63833
63835
63837
63843
63845
63847
63839
63841
63875
63877
63879
63881
63883
63885
63887
63965
63999
63995
63997
64097
64093
64095
64099
64101
64103
64105
64107
64109
64115
64117
64119
64121
64123
64111
64113
64683
64851
64847
64849
64853
64855
64857
64859
64861
64863
64869
64865
64867
65627
65623
65625
65629
65631
65635
65917
66181
66177
66179
66183
66185
66187
66189
66191
66193
66199
66201
66195
66197
66367
66369
66371
66373
66375
66377
66379
66381
66383
66385
66443
66643
66701
66697
66699
66703
66705
66707
66709
66711
66713
66715
66983
67237
67239
67403
67399
67401
67405
67407
67409
67411
67413
67415
67935
67931
67933
67937
67939
67941
67943
67945
67947
67953
67949
67951
68297
68293
68295
68299
68301
68303
68305
68307
68309
68315
68317
68319
68321
68323
68325
68327
68311
68313
68379
68509
68505
68507
68511
68513
68515
68695
68691
68693
68697
68699
68701
68703
68705
68707
68709
68711
68713
68715
68727
68729
68731
68733
68735
68737
68739
68741
68743
68745
68747
68851
68847
68849
68853
68855
68857
68859
68861
68863
68869
68871
68873
68875
68877
68879
68881
68883
68865
68867
68921
68923
68925
68927
68929
68931
68933
68935
68937
68943
68945
68947
68939
68941
68949
68979
68981
68983
68985
68987
68989
69353
69349
69351
69355
69357
69359
69361
69521
69517
69519
69523
69525
69527
69529
69701
69677
69673
69675
69699
69919
69915
69917
69921
69923
69925
69927
70045
70041
70043
70047
70049
70051
70053
70055
70057
70063
70065
70067
70059
70061
70183
70179
70181
70185
70187
70189
70191
70409
70405
70407
70463
70525
70521
70523
70527
70529
70531
70533
70535
70537
70807
70819
70815
70841
70843
71095
71091
71093
71097
71099
71101
71103
71105
71107
71113
71115
71117
71119
71121
71109
71111
71369
71365
71367
71371
71373
71375
71377
71379
71381
71383
71385
71635
71631
71633
71637
71639
71641
71643
71645
71647
71649
71887
71953
71949
71951
71955
71957
71959
71961
71963
71965
71971
71973
71975
71977
71983
71981
71967
71985
71987
71989
71969
